<!DOCTYPE HTML>
<html>
  <head>
    <meta charset="UTF-8">
    <title>Tomtom Results</title>
    <script>
      // @JSON_VAR data
      var data = {
        "program": "Tomtom",
        "version": "5.5.7",
        "release": "Wed Jun 19 13:59:04 2024 -0700",
        "cmd": [
          "tomtom", "-no-ssc", "-oc", ".", "-verbosity", "1", "-min-overlap",
          "5", "-dist", "ed", "-evalue", "-thresh", "1.0",
          "-incomplete-scores",
          "/mnt/sdb3/adaobi/malaria_rna-seq_data-analysis/8_motif_analysis/meme_out_15/Cluster3.Sub6/meme.html",
          "/mnt/sdb3/adaobi/motifDB/motif_databases/JASPAR/JASPAR2022_CORE_non-redundant_v2.meme"
        ],
        "options": {
          "strands": "both",
          "distance_measure": "ed",
          "threshold_type": "evalue",
          "threshold_value": 1,
          "background_source": "--query--"
        },
        "alphabet": {
          "name": "DNA",
          "like": "dna",
          "ncore": 4,
          "symbols": [
            {
              "symbol": "A",
              "name": "Adenine",
              "colour": "CC0000",
              "complement": "T"
            }, {
              "symbol": "C",
              "name": "Cytosine",
              "colour": "0000CC",
              "complement": "G"
            }, {
              "symbol": "G",
              "name": "Guanine",
              "colour": "FFB300",
              "complement": "C"
            }, {
              "symbol": "T",
              "aliases": "U",
              "name": "Thymine",
              "colour": "008000",
              "complement": "A"
            }, {
              "symbol": "N",
              "aliases": "X.",
              "name": "Any base",
              "equals": "ACGT"
            }, {
              "symbol": "V",
              "name": "Not T",
              "equals": "ACG"
            }, {
              "symbol": "H",
              "name": "Not G",
              "equals": "ACT"
            }, {
              "symbol": "D",
              "name": "Not C",
              "equals": "AGT"
            }, {
              "symbol": "B",
              "name": "Not A",
              "equals": "CGT"
            }, {
              "symbol": "M",
              "name": "Amino",
              "equals": "AC"
            }, {
              "symbol": "R",
              "name": "Purine",
              "equals": "AG"
            }, {
              "symbol": "W",
              "name": "Weak",
              "equals": "AT"
            }, {
              "symbol": "S",
              "name": "Strong",
              "equals": "CG"
            }, {
              "symbol": "Y",
              "name": "Pyrimidine",
              "equals": "CT"
            }, {
              "symbol": "K",
              "name": "Keto",
              "equals": "GT"
            }
          ]
        },
        "background": [0.402758, 0.0972423, 0.0972423, 0.402758],
        "query_dbs": [
          {
            "source": "/mnt/sdb3/adaobi/malaria_rna-seq_data-analysis/8_motif_analysis/meme_out_15/Cluster3.Sub6/meme.html",
            "name": "meme.html",
            "loaded": 15,
            "excluded": 0,
            "last_modified": "Sun Jan 26 00:43:27 2025"
          }
        ],
        "target_dbs": [
          {
            "source": "/mnt/sdb3/adaobi/motifDB/motif_databases/JASPAR/JASPAR2022_CORE_non-redundant_v2.meme",
            "name": "JASPAR2022_CORE_non-redundant_v2",
            "loaded": 1956,
            "excluded": 0,
            "last_modified": "Tue Jan  9 21:00:00 2024"
          }
        ],
        "queries": [
          {
            "db": 0,
            "id": "AAAAAAAAAAAAAAAARAAAAAAMAAAARHAAAAAAAWA",
            "alt": "MEME-2",
            "len": 39,
            "nsites": 55,
            "evalue": "2.0e-055",
            "pwm": [
              [0.672237, 0.0909205, 0.236112, 0.000730958], 
              [0.545196, 0.199814, 0.109069, 0.145922], 
              [0.853725, 0.109069, 0.0364745, 0.000730958], 
              [0.654088, 0.0909205, 0.109069, 0.145922], 
              [0.744833, 0.109069, 0.0546225, 0.091475], 
              [0.708535, 0.0183255, 0.0364745, 0.236666], 
              [0.762981, 0.0183255, 0.0727715, 0.145922], 
              [0.563344, 0.000176483, 0.236112, 0.200368], 
              [0.78113, 0.0909205, 0.0183255, 0.109624], 
              [0.94447, 0.000176483, 0.000176483, 0.055177], 
              [0.78113, 0.000176483, 0.0727715, 0.145922], 
              [0.581493, 0.127218, 0.0909205, 0.200368], 
              [0.63594, 0.127218, 0.127218, 0.109624], 
              [0.672237, 0.0183255, 0.127218, 0.182219], 
              [0.599642, 0.000176483, 0.163516, 0.236666], 
              [0.744833, 0.0727715, 0.163516, 0.01888], 
              [0.490749, 0.0364745, 0.25426, 0.218517], 
              [0.617791, 0.145367, 0.0183255, 0.218517], 
              [0.890023, 0.000176483, 0.000176483, 0.109624], 
              [0.690386, 0.0909205, 0.0727715, 0.145922], 
              [0.726684, 0.0546225, 0.127218, 0.091475], 
              [0.78113, 0.000176483, 0.0546225, 0.16407], 
              [0.672237, 0.0909205, 0.0364745, 0.200368], 
              [0.4726, 0.25426, 0.181665, 0.091475], 
              [0.908172, 0.0546225, 0.0364745, 0.000730958], 
              [0.908172, 0.0727715, 0.000176483, 0.01888], 
              [0.708535, 0.000176483, 0.000176483, 0.291112], 
              [0.617791, 0.0183255, 0.163516, 0.200368], 
              [0.4726, 0.0727715, 0.453897, 0.000730958], 
              [0.272963, 0.345005, 0.0183255, 0.363707], 
              [0.654088, 0.0546225, 0.290558, 0.000730958], 
              [0.835577, 0.000176483, 0.000176483, 0.16407], 
              [0.817428, 0.109069, 0.000176483, 0.073326], 
              [0.726684, 0.127218, 0.145367, 0.000730958], 
              [0.926321, 0.000176483, 0.0727715, 0.000730958], 
              [0.545196, 0.272409, 0.0546225, 0.127773], 
              [0.744833, 0.0183255, 0.0909205, 0.145922], 
              [0.4726, 0.163516, 0.109069, 0.254814], 
              [0.744833, 0.0364745, 0.109069, 0.109624]
            ]
          }, {
            "db": 0,
            "id": "AAAAAAATAYA",
            "alt": "MEME-14",
            "len": 11,
            "nsites": 54,
            "evalue": "4.7e+004",
            "pwm": [
              [0.998896, 0.000179745, 0.000179745, 0.000744469], 
              [0.998896, 0.000179745, 0.000179745, 0.000744469], 
              [0.998896, 0.000179745, 0.000179745, 0.000744469], 
              [0.998896, 0.000179745, 0.000179745, 0.000744469], 
              [0.851022, 0.148054, 0.000179745, 0.000744469], 
              [0.998896, 0.000179745, 0.000179745, 0.000744469], 
              [0.998896, 0.000179745, 0.000179745, 0.000744469], 
              [0.259524, 0.12957, 0.000179745, 0.610726], 
              [0.998896, 0.000179745, 0.000179745, 0.000744469], 
              [0.000744469, 0.443802, 0.000179745, 0.555274], 
              [0.906474, 0.000179745, 0.0926016, 0.000744469]
            ]
          }, {
            "db": 0,
            "id": "AAAARGGAAAAAAAA",
            "alt": "MEME-3",
            "len": 15,
            "nsites": 58,
            "evalue": "5.1e-024",
            "pwm": [
              [0.809643, 0.034591, 0.155072, 0.000693215], 
              [0.844067, 0.000167371, 0.000167371, 0.155598], 
              [0.947337, 0.000167371, 0.0518023, 0.000693215], 
              [0.706374, 0.000167371, 0.0518023, 0.241657], 
              [0.499833, 0.0173787, 0.482095, 0.000693215], 
              [0.000693215, 0.0518023, 0.757483, 0.190022], 
              [0.190022, 0.000167371, 0.809118, 0.000693215], 
              [0.706374, 0.000167371, 0.292766, 0.000693215], 
              [0.844067, 0.0690147, 0.0518023, 0.0351169], 
              [0.77522, 0.000167371, 0.22392, 0.000693215], 
              [0.861278, 0.137861, 0.000167371, 0.000693215], 
              [0.87849, 0.000167371, 0.0173787, 0.103963], 
              [0.723585, 0.086226, 0.0173787, 0.17281], 
              [0.809643, 0.000167371, 0.000167371, 0.190022], 
              [0.77522, 0.000167371, 0.000167371, 0.224445]
            ]
          }, {
            "db": 0,
            "id": "ATATATATATGCATA",
            "alt": "MEME-7",
            "len": 15,
            "nsites": 58,
            "evalue": "2.6e-004",
            "pwm": [
              [0.809643, 0.000167371, 0.0690147, 0.121175], 
              [0.0867518, 0.137861, 0.000167371, 0.77522], 
              [0.895702, 0.000167371, 0.103437, 0.000693215], 
              [0.121175, 0.0690147, 0.0173787, 0.792431], 
              [0.844067, 0.000167371, 0.155072, 0.000693215], 
              [0.224445, 0.034591, 0.000167371, 0.740796], 
              [0.67195, 0.000167371, 0.32719, 0.000693215], 
              [0.103963, 0.189496, 0.000167371, 0.706374], 
              [0.912913, 0.0690147, 0.0173787, 0.000693215], 
              [0.155598, 0.000167371, 0.000167371, 0.844067], 
              [0.241657, 0.172285, 0.550942, 0.0351169], 
              [0.000693215, 0.791905, 0.000167371, 0.207234], 
              [0.912913, 0.0518023, 0.000167371, 0.0351169], 
              [0.155598, 0.000167371, 0.0173787, 0.826855], 
              [0.77522, 0.000167371, 0.22392, 0.000693215]
            ]
          }, {
            "db": 0,
            "id": "ATAYATAYATAYATRTATATA",
            "alt": "MEME-1",
            "len": 21,
            "nsites": 55,
            "evalue": "1.1e-062",
            "pwm": [
              [0.726684, 0.0364745, 0.145367, 0.091475], 
              [0.091475, 0.0909205, 0.0909205, 0.726684], 
              [0.762981, 0.000176483, 0.199814, 0.037029], 
              [0.037029, 0.381302, 0.000176483, 0.581493], 
              [0.835577, 0.000176483, 0.145367, 0.01888], 
              [0.218517, 0.217963, 0.000176483, 0.563344], 
              [0.63594, 0.0364745, 0.236112, 0.091475], 
              [0.01888, 0.399451, 0.0546225, 0.527047], 
              [0.962618, 0.000176483, 0.0364745, 0.000730958], 
              [0.073326, 0.25426, 0.000176483, 0.672237], 
              [0.799279, 0.000176483, 0.0727715, 0.127773], 
              [0.000730958, 0.4176, 0.000176483, 0.581493], 
              [0.998916, 0.000176483, 0.000176483, 0.000730958], 
              [0.000730958, 0.0183255, 0.0727715, 0.908172], 
              [0.545196, 0.0546225, 0.399451, 0.000730958], 
              [0.037029, 0.290558, 0.0546225, 0.617791], 
              [0.998916, 0.000176483, 0.000176483, 0.000730958], 
              [0.000730958, 0.000176483, 0.000176483, 0.998916], 
              [0.744833, 0.000176483, 0.181665, 0.073326], 
              [0.01888, 0.000176483, 0.000176483, 0.980767], 
              [0.871874, 0.000176483, 0.127218, 0.000730958]
            ]
          }, {
            "db": 0,
            "id": "ATGCCCYT",
            "alt": "MEME-13",
            "len": 8,
            "nsites": 19,
            "evalue": "5.6e+004",
            "pwm": [
              [0.735093, 0.105221, 0.000509122, 0.159177], 
              [0.00210868, 0.000509122, 0.000509122, 0.996873], 
              [0.00210868, 0.209933, 0.78585, 0.00210868], 
              [0.00210868, 0.995274, 0.000509122, 0.00210868], 
              [0.00210868, 0.733493, 0.262289, 0.00210868], 
              [0.00210868, 0.78585, 0.209933, 0.00210868], 
              [0.00210868, 0.419358, 0.000509122, 0.578025], 
              [0.00210868, 0.000509122, 0.000509122, 0.996873]
            ]
          }, {
            "db": 0,
            "id": "CCGCYACCMC",
            "alt": "MEME-12",
            "len": 10,
            "nsites": 2,
            "evalue": "3.8e+004",
            "pwm": [
              [0.0191789, 0.957012, 0.00463058, 0.0191789], 
              [0.0191789, 0.957012, 0.00463058, 0.0191789], 
              [0.0191789, 0.00463058, 0.957012, 0.0191789], 
              [0.0191789, 0.957012, 0.00463058, 0.0191789], 
              [0.0191789, 0.480821, 0.00463058, 0.495369], 
              [0.97156, 0.00463058, 0.00463058, 0.0191789], 
              [0.0191789, 0.957012, 0.00463058, 0.0191789], 
              [0.0191789, 0.957012, 0.00463058, 0.0191789], 
              [0.495369, 0.480821, 0.00463058, 0.0191789], 
              [0.0191789, 0.957012, 0.00463058, 0.0191789]
            ]
          }, {
            "db": 0,
            "id": "DAAAAAAAAAAAATWNDAAAM",
            "alt": "MEME-6",
            "len": 21,
            "nsites": 55,
            "evalue": "4.8e-010",
            "pwm": [
              [0.363707, 0.0727715, 0.308707, 0.254814], 
              [0.762981, 0.145367, 0.0909205, 0.000730958], 
              [0.726684, 0.109069, 0.163516, 0.000730958], 
              [0.835577, 0.000176483, 0.163516, 0.000730958], 
              [0.962618, 0.000176483, 0.000176483, 0.037029], 
              [0.998916, 0.000176483, 0.000176483, 0.000730958], 
              [0.708535, 0.0183255, 0.000176483, 0.272963], 
              [0.690386, 0.000176483, 0.308707, 0.000730958], 
              [0.998916, 0.000176483, 0.000176483, 0.000730958], 
              [0.94447, 0.0546225, 0.000176483, 0.000730958], 
              [0.94447, 0.000176483, 0.0546225, 0.000730958], 
              [0.690386, 0.127218, 0.0727715, 0.109624], 
              [0.94447, 0.000176483, 0.000176483, 0.055177], 
              [0.291112, 0.0183255, 0.0727715, 0.617791], 
              [0.490749, 0.127218, 0.0727715, 0.309261], 
              [0.272963, 0.308707, 0.217963, 0.200368], 
              [0.272963, 0.145367, 0.272409, 0.309261], 
              [0.545196, 0.163516, 0.145367, 0.145922], 
              [0.94447, 0.0546225, 0.000176483, 0.000730958], 
              [0.654088, 0.000176483, 0.181665, 0.16407], 
              [0.436303, 0.4176, 0.000176483, 0.145922]
            ]
          }, {
            "db": 0,
            "id": "GTWGTAAWGAWWATGCAKYATTGATGATWTMTATAKGY",
            "alt": "MEME-10",
            "len": 38,
            "nsites": 3,
            "evalue": "4.4e+003",
            "pwm": [
              [0.0129922, 0.00313685, 0.970879, 0.0129922], 
              [0.0129922, 0.325717, 0.00313685, 0.658154], 
              [0.658154, 0.00313685, 0.00313685, 0.335573], 
              [0.0129922, 0.00313685, 0.970879, 0.0129922], 
              [0.0129922, 0.00313685, 0.00313685, 0.980734], 
              [0.980734, 0.00313685, 0.00313685, 0.0129922], 
              [0.658154, 0.00313685, 0.325717, 0.0129922], 
              [0.335573, 0.00313685, 0.00313685, 0.658154], 
              [0.0129922, 0.00313685, 0.970879, 0.0129922], 
              [0.658154, 0.00313685, 0.325717, 0.0129922], 
              [0.335573, 0.00313685, 0.00313685, 0.658154], 
              [0.658154, 0.00313685, 0.00313685, 0.335573], 
              [0.980734, 0.00313685, 0.00313685, 0.0129922], 
              [0.0129922, 0.00313685, 0.00313685, 0.980734], 
              [0.0129922, 0.00313685, 0.970879, 0.0129922], 
              [0.0129922, 0.970879, 0.00313685, 0.0129922], 
              [0.980734, 0.00313685, 0.00313685, 0.0129922], 
              [0.0129922, 0.00313685, 0.648298, 0.335573], 
              [0.0129922, 0.648298, 0.00313685, 0.335573], 
              [0.980734, 0.00313685, 0.00313685, 0.0129922], 
              [0.0129922, 0.00313685, 0.00313685, 0.980734], 
              [0.0129922, 0.00313685, 0.00313685, 0.980734], 
              [0.0129922, 0.00313685, 0.970879, 0.0129922], 
              [0.658154, 0.00313685, 0.325717, 0.0129922], 
              [0.0129922, 0.00313685, 0.00313685, 0.980734], 
              [0.0129922, 0.00313685, 0.970879, 0.0129922], 
              [0.658154, 0.325717, 0.00313685, 0.0129922], 
              [0.0129922, 0.00313685, 0.325717, 0.658154], 
              [0.335573, 0.00313685, 0.00313685, 0.658154], 
              [0.0129922, 0.00313685, 0.00313685, 0.980734], 
              [0.335573, 0.648298, 0.00313685, 0.0129922], 
              [0.0129922, 0.00313685, 0.00313685, 0.980734], 
              [0.980734, 0.00313685, 0.00313685, 0.0129922], 
              [0.0129922, 0.00313685, 0.00313685, 0.980734], 
              [0.980734, 0.00313685, 0.00313685, 0.0129922], 
              [0.0129922, 0.00313685, 0.648298, 0.335573], 
              [0.0129922, 0.00313685, 0.970879, 0.0129922], 
              [0.0129922, 0.648298, 0.00313685, 0.335573]
            ]
          }, {
            "db": 0,
            "id": "KDMAAAAMGTCCSCTTTSRWAAWATSAKSAHATTRC",
            "alt": "MEME-8",
            "len": 36,
            "nsites": 7,
            "evalue": "1.1e+000",
            "pwm": [
              [0.00567264, 0.00136961, 0.56475, 0.428207], 
              [0.287363, 0.00136961, 0.423904, 0.287363], 
              [0.569053, 0.423904, 0.00136961, 0.00567264], 
              [0.709898, 0.00136961, 0.142215, 0.146518], 
              [0.709898, 0.00136961, 0.00136961, 0.287363], 
              [0.569053, 0.142215, 0.142215, 0.146518], 
              [0.569053, 0.142215, 0.142215, 0.146518], 
              [0.428207, 0.283059, 0.142215, 0.146518], 
              [0.00567264, 0.00136961, 0.705595, 0.287363], 
              [0.146518, 0.00136961, 0.142215, 0.709898], 
              [0.00567264, 0.84644, 0.142215, 0.00567264], 
              [0.00567264, 0.705595, 0.00136961, 0.287363], 
              [0.146518, 0.56475, 0.283059, 0.00567264], 
              [0.00567264, 0.84644, 0.00136961, 0.146518], 
              [0.00567264, 0.283059, 0.00136961, 0.709898], 
              [0.146518, 0.283059, 0.00136961, 0.569053], 
              [0.146518, 0.00136961, 0.00136961, 0.850743], 
              [0.00567264, 0.283059, 0.56475, 0.146518], 
              [0.428207, 0.142215, 0.283059, 0.146518], 
              [0.428207, 0.00136961, 0.00136961, 0.569053], 
              [0.709898, 0.00136961, 0.283059, 0.00567264], 
              [0.850743, 0.00136961, 0.142215, 0.00567264], 
              [0.428207, 0.142215, 0.00136961, 0.428207], 
              [0.991588, 0.00136961, 0.00136961, 0.00567264], 
              [0.00567264, 0.00136961, 0.142215, 0.850743], 
              [0.146518, 0.423904, 0.423904, 0.00567264], 
              [0.709898, 0.283059, 0.00136961, 0.00567264], 
              [0.00567264, 0.142215, 0.56475, 0.287363], 
              [0.00567264, 0.56475, 0.423904, 0.00567264], 
              [0.709898, 0.283059, 0.00136961, 0.00567264], 
              [0.287363, 0.283059, 0.00136961, 0.428207], 
              [0.850743, 0.00136961, 0.142215, 0.00567264], 
              [0.287363, 0.00136961, 0.00136961, 0.709898], 
              [0.00567264, 0.00136961, 0.142215, 0.850743], 
              [0.287363, 0.142215, 0.56475, 0.00567264], 
              [0.00567264, 0.705595, 0.00136961, 0.287363]
            ]
          }, {
            "db": 0,
            "id": "MCBYWMWWDTTTTTYKDSWTWATWTRBGK",
            "alt": "MEME-9",
            "len": 29,
            "nsites": 13,
            "evalue": "7.4e+002",
            "pwm": [
              [0.308418, 0.535094, 0.153414, 0.00307449], 
              [0.00307449, 0.764101, 0.153414, 0.0794103], 
              [0.00307449, 0.22975, 0.382421, 0.384753], 
              [0.00307449, 0.382421, 0.153414, 0.461089], 
              [0.232082, 0.153414, 0.153414, 0.461089], 
              [0.308418, 0.61143, 0.000742307, 0.0794103], 
              [0.308418, 0.153414, 0.0770781, 0.461089], 
              [0.537426, 0.000742307, 0.000742307, 0.461089], 
              [0.384753, 0.000742307, 0.22975, 0.384753], 
              [0.00307449, 0.306086, 0.000742307, 0.690098], 
              [0.0794103, 0.0770781, 0.000742307, 0.842769], 
              [0.155746, 0.000742307, 0.153414, 0.690098], 
              [0.155746, 0.000742307, 0.000742307, 0.842769], 
              [0.00307449, 0.000742307, 0.0770781, 0.919105], 
              [0.00307449, 0.306086, 0.22975, 0.461089], 
              [0.00307449, 0.0770781, 0.535094, 0.384753], 
              [0.461089, 0.000742307, 0.306086, 0.232082], 
              [0.00307449, 0.61143, 0.382421, 0.00307449], 
              [0.613762, 0.000742307, 0.000742307, 0.384753], 
              [0.155746, 0.0770781, 0.22975, 0.537426], 
              [0.308418, 0.153414, 0.000742307, 0.537426], 
              [0.842769, 0.153414, 0.000742307, 0.00307449], 
              [0.0794103, 0.153414, 0.000742307, 0.766433], 
              [0.384753, 0.000742307, 0.153414, 0.461089], 
              [0.00307449, 0.000742307, 0.000742307, 0.995441], 
              [0.384753, 0.000742307, 0.61143, 0.00307449], 
              [0.0794103, 0.458757, 0.22975, 0.232082], 
              [0.00307449, 0.000742307, 0.687766, 0.308418], 
              [0.00307449, 0.153414, 0.306086, 0.537426]
            ]
          }, {
            "db": 0,
            "id": "RAARAGGAADWAWGM",
            "alt": "MEME-15",
            "len": 15,
            "nsites": 13,
            "evalue": "6.0e+004",
            "pwm": [
              [0.384753, 0.000742307, 0.61143, 0.00307449], 
              [0.842769, 0.153414, 0.000742307, 0.00307449], 
              [0.537426, 0.000742307, 0.22975, 0.232082], 
              [0.537426, 0.000742307, 0.458757, 0.00307449], 
              [0.842769, 0.000742307, 0.153414, 0.00307449], 
              [0.0794103, 0.153414, 0.764101, 0.00307449], 
              [0.00307449, 0.0770781, 0.916773, 0.00307449], 
              [0.995441, 0.000742307, 0.000742307, 0.00307449], 
              [0.919105, 0.000742307, 0.000742307, 0.0794103], 
              [0.384753, 0.000742307, 0.22975, 0.384753], 
              [0.537426, 0.000742307, 0.153414, 0.308418], 
              [0.995441, 0.000742307, 0.000742307, 0.00307449], 
              [0.461089, 0.000742307, 0.153414, 0.384753], 
              [0.00307449, 0.000742307, 0.993109, 0.00307449], 
              [0.384753, 0.61143, 0.000742307, 0.00307449]
            ]
          }, {
            "db": 0,
            "id": "RDAWDKAWAAAWAAAWAWATATRYATAYA",
            "alt": "MEME-4",
            "len": 29,
            "nsites": 58,
            "evalue": "3.7e-017",
            "pwm": [
              [0.620315, 0.000167371, 0.344402, 0.0351169], 
              [0.310504, 0.086226, 0.22392, 0.37935], 
              [0.689161, 0.000167371, 0.241131, 0.0695405], 
              [0.413774, 0.0690147, 0.0173787, 0.499833], 
              [0.465409, 0.000167371, 0.292766, 0.241657], 
              [0.121175, 0.137861, 0.464883, 0.27608], 
              [0.706374, 0.086226, 0.172285, 0.0351169], 
              [0.430985, 0.034591, 0.172285, 0.362139], 
              [0.77522, 0.000167371, 0.0690147, 0.155598], 
              [0.67195, 0.0173787, 0.000167371, 0.310504], 
              [0.998972, 0.000167371, 0.000167371, 0.000693215], 
              [0.37935, 0.12065, 0.0690147, 0.430985], 
              [0.620315, 0.000167371, 0.275555, 0.103963], 
              [0.585891, 0.155072, 0.137861, 0.121175], 
              [0.809643, 0.000167371, 0.086226, 0.103963], 
              [0.551468, 0.0518023, 0.0690147, 0.327715], 
              [0.740796, 0.103437, 0.0173787, 0.138387], 
              [0.430985, 0.0690147, 0.0173787, 0.482621], 
              [0.77522, 0.000167371, 0.034591, 0.190022], 
              [0.0179045, 0.034591, 0.000167371, 0.947337], 
              [0.758008, 0.0518023, 0.189496, 0.000693215], 
              [0.121175, 0.137861, 0.086226, 0.654738], 
              [0.56868, 0.000167371, 0.430459, 0.000693215], 
              [0.0867518, 0.309978, 0.034591, 0.56868], 
              [0.792431, 0.000167371, 0.189496, 0.0179045], 
              [0.138387, 0.086226, 0.0173787, 0.758008], 
              [0.809643, 0.086226, 0.103437, 0.000693215], 
              [0.0523282, 0.378825, 0.034591, 0.534256], 
              [0.809643, 0.086226, 0.103437, 0.000693215]
            ]
          }, {
            "db": 0,
            "id": "TSCMCACA",
            "alt": "MEME-5",
            "len": 8,
            "nsites": 57,
            "evalue": "2.2e-010",
            "pwm": [
              [0.000705355, 0.0877357, 0.000170302, 0.911389], 
              [0.140811, 0.33292, 0.525565, 0.000705355], 
              [0.000705355, 0.928367, 0.0702224, 0.000705355], 
              [0.508586, 0.420486, 0.0702224, 0.000705355], 
              [0.000705355, 0.998419, 0.000170302, 0.000705355], 
              [0.736257, 0.140276, 0.0176836, 0.105784], 
              [0.140811, 0.578103, 0.0176836, 0.263402], 
              [0.946414, 0.0527101, 0.000170302, 0.000705355]
            ]
          }, {
            "db": 0,
            "id": "TWTVCWTTTTTTWAGGSYTR",
            "alt": "MEME-11",
            "len": 20,
            "nsites": 17,
            "evalue": "1.2e+004",
            "pwm": [
              [0.0608353, 0.117528, 0.000568668, 0.821068], 
              [0.528671, 0.0590487, 0.0590487, 0.353232], 
              [0.00235531, 0.000568668, 0.000568668, 0.996507], 
              [0.294753, 0.234487, 0.351446, 0.119314], 
              [0.00235531, 0.702323, 0.000568668, 0.294753], 
              [0.294753, 0.176008, 0.000568668, 0.528671], 
              [0.119314, 0.000568668, 0.292967, 0.58715], 
              [0.119314, 0.000568668, 0.000568668, 0.879548], 
              [0.00235531, 0.0590487, 0.000568668, 0.938027], 
              [0.00235531, 0.000568668, 0.117528, 0.879548], 
              [0.00235531, 0.000568668, 0.000568668, 0.996507], 
              [0.177794, 0.117528, 0.000568668, 0.704109], 
              [0.58715, 0.000568668, 0.000568668, 0.411712], 
              [0.704109, 0.0590487, 0.117528, 0.119314], 
              [0.0608353, 0.234487, 0.702323, 0.00235531], 
              [0.00235531, 0.0590487, 0.936241, 0.00235531], 
              [0.00235531, 0.468405, 0.526885, 0.00235531], 
              [0.119314, 0.468405, 0.117528, 0.294753], 
              [0.177794, 0.0590487, 0.0590487, 0.704109], 
              [0.528671, 0.000568668, 0.351446, 0.119314]
            ]
          }
        ],
        "targets": [
          {
            "db": 0,
            "id": "MA0015.1",
            "alt": "Cf2",
            "len": 10,
            "nsites": 80,
            "url": "http://jaspar2022.genereg.net/matrix/MA0015.1",
            "pwm": [
              [0.312613, 0.162419, 0.499497, 0.0254716], 
              [0.0129872, 0.0250902, 0.0126058, 0.949317], 
              [0.924348, 0.0250902, 0.050059, 0.000502818], 
              [0.000502818, 0.112481, 0.050059, 0.836957], 
              [0.974286, 0.0250902, 0.000121401, 0.000502818], 
              [0.0129872, 0.050059, 0.0126058, 0.924348], 
              [0.512363, 0.0250902, 0.44956, 0.0129872], 
              [0.0254716, 0.112481, 0.0126058, 0.849442], 
              [0.662176, 0.0375746, 0.249809, 0.0504404], 
              [0.150316, 0.362169, 0.187387, 0.300128]
            ]
          }, {
            "db": 0,
            "id": "MA0041.2",
            "alt": "FOXD3",
            "len": 16,
            "nsites": 206,
            "url": "http://jaspar2022.genereg.net/matrix/MA0041.2",
            "pwm": [
              [0.417469, 0.106791, 0.0631236, 0.412616], 
              [0.568639, 0.0805771, 0.246373, 0.10441], 
              [0.347355, 0.17172, 0.17172, 0.309205], 
              [0.282886, 0.0858645, 0.580573, 0.0506759], 
              [0.255885, 0.281565, 0.0207092, 0.441841], 
              [0.810229, 0.175317, 0.00478388, 0.00966982], 
              [0.919104, 0.0430373, 4.71822e-05, 0.0378112], 
              [0.944488, 0.0055695, 0.0387024, 0.0112401], 
              [0.000195418, 0.251387, 4.71822e-05, 0.74837], 
              [0.929092, 0.0217756, 0.0109119, 0.03822], 
              [0.850529, 0.0547466, 0.0398289, 0.0548949], 
              [0.703558, 0.0699722, 0.0823122, 0.144159], 
              [0.0574366, 0.752986, 0.0572884, 0.13229], 
              [0.562985, 0.0900935, 0.135117, 0.211805], 
              [0.461959, 0.111104, 0.233852, 0.193084], 
              [0.17453, 0.255737, 0.156948, 0.412786]
            ]
          }, {
            "db": 0,
            "id": "MA0049.1",
            "alt": "hb",
            "len": 10,
            "nsites": 16,
            "url": "http://jaspar2022.genereg.net/matrix/MA0049.1",
            "pwm": [
              [0.0646134, 0.311163, 0.497498, 0.126725], 
              [0.375172, 0.497498, 0.124828, 0.0025016], 
              [0.561508, 0.186939, 0.249051, 0.0025016], 
              [0.250949, 0.186939, 0.0627158, 0.499396], 
              [0.809955, 0.0627158, 0.000603991, 0.126725], 
              [0.99629, 0.000603991, 0.000603991, 0.0025016], 
              [0.99629, 0.000603991, 0.000603991, 0.0025016], 
              [0.872067, 0.000603991, 0.124828, 0.0025016], 
              [0.934179, 0.0627158, 0.000603991, 0.0025016], 
              [0.561508, 0.124828, 0.124828, 0.188837]
            ]
          }, {
            "db": 0,
            "id": "MA0283.1",
            "alt": "CHA4",
            "len": 8,
            "nsites": 100,
            "url": "http://jaspar2022.genereg.net/matrix/MA0283.1",
            "pwm": [
              [0.220183, 0.0500472, 0.679418, 0.0503524], 
              [0.000402355, 9.71454e-05, 0.999098, 0.000402355], 
              [0.000402355, 0.999098, 9.71454e-05, 0.000402355], 
              [0.000402355, 9.71454e-05, 0.999098, 0.000402355], 
              [0.000402355, 9.71454e-05, 0.999098, 0.000402355], 
              [0.716858, 9.71454e-05, 0.282643, 0.000402355], 
              [0.220183, 0.0100872, 0.759338, 0.0103924], 
              [0.484766, 0.101006, 0.101006, 0.313221]
            ]
          }, {
            "db": 0,
            "id": "MA0373.1",
            "alt": "RPN4",
            "len": 7,
            "nsites": 99,
            "url": "http://jaspar2022.genereg.net/matrix/MA0373.1",
            "pwm": [
              [0.232495, 9.81257e-05, 0.676183, 0.0912237], 
              [0.000406415, 9.81257e-05, 0.999089, 0.000406415], 
              [0.000406415, 9.81257e-05, 0.119977, 0.879518], 
              [0.000406415, 9.81257e-05, 0.999089, 0.000406415], 
              [0.000406415, 9.81257e-05, 0.999089, 0.000406415], 
              [0.000406415, 0.999089, 9.81257e-05, 0.000406415], 
              [0.130275, 9.81257e-05, 0.86922, 0.000406415]
            ]
          }, {
            "db": 0,
            "id": "MA0390.1",
            "alt": "STB3",
            "len": 21,
            "nsites": 997,
            "url": "http://jaspar2022.genereg.net/matrix/MA0390.1",
            "pwm": [
              [0.0983255, 0.168499, 0.547598, 0.185579], 
              [0.166357, 0.173339, 0.202394, 0.45791], 
              [0.18257, 0.416217, 0.057176, 0.344038], 
              [0.19441, 0.379732, 0.107213, 0.318645], 
              [0.508005, 0.0591218, 0.18937, 0.243503], 
              [0.547533, 0.120118, 0.151146, 0.181203], 
              [0.777517, 0.0350762, 0.0711446, 0.116261], 
              [0.499489, 0.027034, 0.0330394, 0.440436], 
              [0.0992284, 0.0110306, 0.00201355, 0.887727], 
              [0.0531411, 0.00501925, 0.00101165, 0.940828], 
              [0.0100594, 0.00401735, 0.00201355, 0.98391], 
              [0.0130651, 9.75254e-06, 0.0150382, 0.971887], 
              [4.03929e-05, 0.0640673, 0.0200277, 0.915865], 
              [0.00304309, 0.990901, 0.00201155, 0.00404399], 
              [0.96591, 0.00701605, 0.0250322, 0.00204219], 
              [0.150326, 0.588127, 0.0841693, 0.177378], 
              [0.129156, 0.120118, 0.137133, 0.613593], 
              [0.166357, 0.32663, 0.200391, 0.306623], 
              [0.308626, 0.253491, 0.125248, 0.312634], 
              [0.233484, 0.170334, 0.315609, 0.280573], 
              [0.226698, 0.182539, 0.296871, 0.293893]
            ]
          }, {
            "db": 0,
            "id": "MA0495.3",
            "alt": "MAFF",
            "len": 16,
            "nsites": 37746,
            "url": "http://jaspar2022.genereg.net/matrix/MA0495.3",
            "pwm": [
              [0.317358, 0.147645, 0.294653, 0.240343], 
              [0.467467, 0.10931, 0.134425, 0.288799], 
              [0.104462, 0.111747, 0.734963, 0.0488269], 
              [0.015234, 0.00977623, 0.0108362, 0.964154], 
              [0.0457809, 0.927778, 0.00874323, 0.017698], 
              [0.966724, 0.00402725, 0.0117632, 0.017486], 
              [0.016903, 0.0105972, 0.898716, 0.0737839], 
              [0.010757, 0.959782, 0.0110742, 0.018387], 
              [0.912837, 0.0148102, 0.0275792, 0.0447739], 
              [0.20238, 0.115509, 0.117681, 0.564431], 
              [0.189663, 0.0532241, 0.0485611, 0.708551], 
              [0.153289, 0.0641921, 0.0396862, 0.742833], 
              [0.172867, 0.127669, 0.0619671, 0.637497], 
              [0.309225, 0.187887, 0.125338, 0.37755], 
              [0.26477, 0.200922, 0.177794, 0.356515], 
              [0.301674, 0.194511, 0.191093, 0.312722]
            ]
          }, {
            "db": 0,
            "id": "MA0537.1",
            "alt": "blmp-1",
            "len": 11,
            "nsites": 3368,
            "url": "http://jaspar2022.genereg.net/matrix/MA0537.1",
            "pwm": [
              [0.5668, 2.88716e-06, 0.433185, 1.1958e-05], 
              [0.918037, 2.88716e-06, 0.0789795, 0.00298087], 
              [0.868751, 2.88716e-06, 0.131234, 1.1958e-05], 
              [0.954853, 2.88716e-06, 0.0451325, 1.1958e-05], 
              [0.250005, 2.88716e-06, 0.611624, 0.138369], 
              [0.343529, 0.0994659, 0.162706, 0.394299], 
              [1.1958e-05, 2.88716e-06, 0.999973, 1.1958e-05], 
              [0.999982, 2.88716e-06, 2.88716e-06, 1.1958e-05], 
              [0.632119, 2.88716e-06, 0.32244, 0.0454386], 
              [0.914771, 2.88716e-06, 0.0754166, 0.00980967], 
              [0.518109, 0.0380068, 0.41062, 0.033265]
            ]
          }, {
            "db": 0,
            "id": "MA0548.2",
            "alt": "AGL15",
            "len": 19,
            "nsites": 599,
            "url": "http://jaspar2022.genereg.net/matrix/MA0548.2",
            "pwm": [
              [0.222067, 0.363895, 0.228693, 0.185345], 
              [0.0801879, 0.055099, 0.00836184, 0.856351], 
              [0.0267738, 0.00836184, 0.0050234, 0.95984], 
              [0.140278, 0.01337, 0.0350684, 0.811284], 
              [6.72271e-05, 0.994842, 1.62314e-05, 0.00507439], 
              [6.72271e-05, 0.726105, 1.62314e-05, 0.273812], 
              [0.333901, 0.13355, 0.0834743, 0.449074], 
              [0.146955, 0.141896, 0.0884825, 0.622668], 
              [0.270473, 1.62314e-05, 0.00669312, 0.722818], 
              [0.0117513, 0.01337, 1.62314e-05, 0.974862], 
              [0.148623, 0.0751287, 0.0517606, 0.724487], 
              [0.230413, 0.0701215, 0.280436, 0.419029], 
              [0.208713, 0.00168495, 0.789533, 6.72271e-05], 
              [6.72271e-05, 1.62314e-05, 0.976481, 0.0234353], 
              [0.542548, 0.0834743, 0.0467534, 0.327225], 
              [0.906427, 0.0217156, 0.00836184, 0.0634956], 
              [0.792923, 0.0117003, 0.0484222, 0.146955], 
              [0.188684, 0.292121, 0.308813, 0.210383], 
              [0.262127, 0.128543, 0.0834743, 0.525855]
            ]
          }, {
            "db": 0,
            "id": "MA0552.1",
            "alt": "PIF1",
            "len": 14,
            "nsites": 114,
            "url": "http://jaspar2022.genereg.net/matrix/MA0552.1",
            "pwm": [
              [0.32463, 0.105256, 0.324362, 0.245752], 
              [0.219459, 8.52257e-05, 0.46459, 0.315865], 
              [0.307102, 0.245484, 0.254248, 0.193166], 
              [0.464858, 0.0701987, 0.350655, 0.114288], 
              [0.236987, 0.23672, 0.280541, 0.245752], 
              [0.0792308, 0.149078, 0.639875, 0.131817], 
              [0.333394, 0.122785, 0.122785, 0.421037], 
              [0.000352986, 0.902802, 0.0964917, 0.000352986], 
              [0.999477, 8.52257e-05, 8.52257e-05, 0.000352986], 
              [0.000352986, 0.990444, 0.00884954, 0.000352986], 
              [0.000352986, 8.52257e-05, 0.999209, 0.000352986], 
              [0.000352986, 0.0176138, 8.52257e-05, 0.981948], 
              [0.000352986, 8.52257e-05, 0.999209, 0.000352986], 
              [0.193166, 0.201662, 0.447061, 0.15811]
            ]
          }, {
            "db": 0,
            "id": "MA0554.1",
            "alt": "SOC1",
            "len": 15,
            "nsites": 888,
            "url": "http://jaspar2022.genereg.net/matrix/MA0554.1",
            "pwm": [
              [0.324333, 0.138509, 0.111484, 0.425673], 
              [0.193718, 0.297274, 0.127249, 0.381759], 
              [0.0732351, 0.0304125, 0.0382946, 0.858057], 
              [0.0698575, 1.09495e-05, 0.0574365, 0.872695], 
              [0.131788, 0.052933, 0.100225, 0.715055], 
              [0.0225658, 0.962741, 0.0146493, 4.53505e-05], 
              [4.53505e-05, 0.694753, 0.0101448, 0.295057], 
              [0.516879, 0.0416733, 0.0630668, 0.378381], 
              [0.154307, 0.0878391, 1.09495e-05, 0.757843], 
              [0.146425, 0.00676719, 1.09495e-05, 0.846797], 
              [0.0248176, 0.00901894, 1.09495e-05, 0.966153], 
              [0.110393, 0.0270349, 1.09495e-05, 0.862561], 
              [0.101385, 0.0799569, 0.096847, 0.721811], 
              [0.203851, 0.0112707, 0.769068, 0.0158096], 
              [0.0191872, 0.025909, 0.748801, 0.206103]
            ]
          }, {
            "db": 0,
            "id": "MA0555.1",
            "alt": "SVP",
            "len": 20,
            "nsites": 92,
            "url": "http://jaspar2022.genereg.net/matrix/MA0555.1",
            "pwm": [
              [0.304455, 0.260692, 0.228119, 0.206735], 
              [0.304455, 0.119541, 0.0869682, 0.489036], 
              [0.304455, 0.0109638, 0.108684, 0.575899], 
              [0.358744, 0.17383, 0.119541, 0.347886], 
              [0.0764417, 0.923015, 0.000105584, 0.000437304], 
              [0.0330109, 0.857869, 0.0109638, 0.0981571], 
              [0.630188, 0.17383, 0.07611, 0.119872], 
              [0.727908, 0.0543946, 0.0869682, 0.130731], 
              [0.934205, 0.000105584, 0.000105584, 0.0655835], 
              [0.836486, 0.0109638, 0.021821, 0.130731], 
              [0.847343, 0.0869682, 0.0326792, 0.0330109], 
              [0.369601, 0.108684, 0.152114, 0.369601], 
              [0.174161, 0.000105584, 0.80358, 0.0221527], 
              [0.000437304, 0.000105584, 0.99902, 0.000437304], 
              [0.771338, 0.108684, 0.000105584, 0.119872], 
              [0.912489, 0.021821, 0.021821, 0.0438681], 
              [0.836486, 0.07611, 0.021821, 0.0655835], 
              [0.369601, 0.0869682, 0.423558, 0.119872], 
              [0.543325, 0.17383, 0.0543946, 0.22845], 
              [0.413032, 0.228119, 0.0326792, 0.32617]
            ]
          }, {
            "db": 0,
            "id": "MA0556.1",
            "alt": "AP3",
            "len": 15,
            "nsites": 291,
            "url": "http://jaspar2022.genereg.net/matrix/MA0556.1",
            "pwm": [
              [0.316181, 0.123702, 0.0687388, 0.491379], 
              [0.288699, 0.113396, 0.134008, 0.463897], 
              [0.16503, 0.827928, 3.34052e-05, 0.007009], 
              [0.000138357, 0.797011, 0.00346822, 0.199383], 
              [0.635659, 0.209583, 0.0378214, 0.116936], 
              [0.745586, 0.0756084, 0.0378214, 0.140983], 
              [0.972313, 3.34052e-05, 3.34052e-05, 0.0276199], 
              [0.824597, 0.00346822, 3.34052e-05, 0.1719], 
              [0.536036, 0.0343856, 0.357299, 0.0722786], 
              [0.326486, 3.34052e-05, 0.103091, 0.570389], 
              [0.336793, 0.00690404, 0.656165, 0.000138357], 
              [0.0241851, 3.34052e-05, 0.975643, 0.000138357], 
              [0.628788, 0.192407, 0.0172095, 0.161595], 
