<!DOCTYPE HTML>
<html>
  <head>
    <meta charset="UTF-8">
    <title>Tomtom Results</title>
    <script>
      // @JSON_VAR data
      var data = {
        "program": "Tomtom",
        "version": "5.5.7",
        "release": "Wed Jun 19 13:59:04 2024 -0700",
        "cmd": [
          "tomtom", "-no-ssc", "-oc", ".", "-verbosity", "1", "-min-overlap",
          "5", "-dist", "ed", "-evalue", "-thresh", "1.0",
          "-incomplete-scores",
          "/mnt/sdb3/adaobi/malaria_rna-seq_data-analysis/8_motif_analysis/meme_out_15/Cluster1.Sub1/meme.html",
          "/mnt/sdb3/adaobi/motifDB/motif_databases/JASPAR/JASPAR2022_CORE_non-redundant_v2.meme"
        ],
        "options": {
          "strands": "both",
          "distance_measure": "ed",
          "threshold_type": "evalue",
          "threshold_value": 1,
          "background_source": "--query--"
        },
        "alphabet": {
          "name": "DNA",
          "like": "dna",
          "ncore": 4,
          "symbols": [
            {
              "symbol": "A",
              "name": "Adenine",
              "colour": "CC0000",
              "complement": "T"
            }, {
              "symbol": "C",
              "name": "Cytosine",
              "colour": "0000CC",
              "complement": "G"
            }, {
              "symbol": "G",
              "name": "Guanine",
              "colour": "FFB300",
              "complement": "C"
            }, {
              "symbol": "T",
              "aliases": "U",
              "name": "Thymine",
              "colour": "008000",
              "complement": "A"
            }, {
              "symbol": "N",
              "aliases": "X.",
              "name": "Any base",
              "equals": "ACGT"
            }, {
              "symbol": "V",
              "name": "Not T",
              "equals": "ACG"
            }, {
              "symbol": "H",
              "name": "Not G",
              "equals": "ACT"
            }, {
              "symbol": "D",
              "name": "Not C",
              "equals": "AGT"
            }, {
              "symbol": "B",
              "name": "Not A",
              "equals": "CGT"
            }, {
              "symbol": "M",
              "name": "Amino",
              "equals": "AC"
            }, {
              "symbol": "R",
              "name": "Purine",
              "equals": "AG"
            }, {
              "symbol": "W",
              "name": "Weak",
              "equals": "AT"
            }, {
              "symbol": "S",
              "name": "Strong",
              "equals": "CG"
            }, {
              "symbol": "Y",
              "name": "Pyrimidine",
              "equals": "CT"
            }, {
              "symbol": "K",
              "name": "Keto",
              "equals": "GT"
            }
          ]
        },
        "background": [0.40116, 0.0988401, 0.0988401, 0.40116],
        "query_dbs": [
          {
            "source": "/mnt/sdb3/adaobi/malaria_rna-seq_data-analysis/8_motif_analysis/meme_out_15/Cluster1.Sub1/meme.html",
            "name": "meme.html",
            "loaded": 15,
            "excluded": 0,
            "last_modified": "Sat Jan 25 08:15:47 2025"
          }
        ],
        "target_dbs": [
          {
            "source": "/mnt/sdb3/adaobi/motifDB/motif_databases/JASPAR/JASPAR2022_CORE_non-redundant_v2.meme",
            "name": "JASPAR2022_CORE_non-redundant_v2",
            "loaded": 1956,
            "excluded": 0,
            "last_modified": "Tue Jan  9 21:00:00 2024"
          }
        ],
        "queries": [
          {
            "db": 0,
            "id": "AAAAAAAAAAAATAT",
            "alt": "MEME-7",
            "len": 15,
            "nsites": 210,
            "evalue": "6.8e-012",
            "pwm": [
              [0.747454, 4.70443e-05, 0.252308, 0.000190938], 
              [0.837887, 0.00956651, 0.147596, 0.00495067], 
              [0.814089, 4.70443e-05, 0.157115, 0.0287483], 
              [0.699858, 0.09048, 0.185673, 0.0239896], 
              [0.861686, 4.70443e-05, 0.104759, 0.0335081], 
              [0.999715, 4.70443e-05, 4.70443e-05, 0.000190938], 
              [0.999715, 4.70443e-05, 4.70443e-05, 0.000190938], 
              [0.756974, 4.70443e-05, 0.0333642, 0.209615], 
              [0.728415, 0.0428836, 0.114279, 0.114423], 
              [0.861686, 0.0143262, 0.0428836, 0.0811044], 
              [0.93308, 4.70443e-05, 0.0333642, 0.0335081], 
              [0.966398, 4.70443e-05, 0.0333642, 0.000190938], 
              [0.162019, 0.0571628, 4.70443e-05, 0.780771], 
              [0.828368, 4.70443e-05, 0.123798, 0.0477873], 
              [0.233413, 0.0524031, 0.114279, 0.599905]
            ]
          }, {
            "db": 0,
            "id": "AHAWAHATAYATATATATATATATATATA",
            "alt": "MEME-1",
            "len": 29,
            "nsites": 203,
            "evalue": "1.0e-123",
            "pwm": [
              [0.615658, 0.0935986, 0.0640561, 0.226687], 
              [0.256229, 0.231462, 0.0689807, 0.443329], 
              [0.733826, 0.0689807, 0.0739043, 0.12329], 
              [0.315313, 0.172378, 0.0345147, 0.477795], 
              [0.709208, 4.86658e-05, 0.108369, 0.182374], 
              [0.285771, 0.285622, 4.86658e-05, 0.428558], 
              [0.807682, 4.86658e-05, 0.088675, 0.103595], 
              [0.0346635, 0.0492854, 0.0591326, 0.856918], 
              [0.669819, 4.86658e-05, 0.329935, 0.000197518], 
              [0.0839003, 0.344707, 0.0443618, 0.527032], 
              [0.60581, 0.123141, 0.113293, 0.157755], 
              [0.172527, 0.201919, 4.86658e-05, 0.625505], 
              [0.787986, 0.0640561, 0.0345147, 0.113442], 
              [0.000197518, 0.196996, 4.86658e-05, 0.802758], 
              [0.92585, 4.86658e-05, 0.0443618, 0.02974], 
              [0.138061, 0.167454, 0.0295911, 0.664895], 
              [0.886461, 0.0246675, 0.088675, 0.000197518], 
              [0.113442, 0.231462, 4.86658e-05, 0.655047], 
              [0.930773, 0.0492854, 0.019743, 0.000197518], 
              [0.0592814, 0.118217, 4.86658e-05, 0.822452], 
              [0.714132, 4.86658e-05, 0.226538, 0.0592814], 
              [0.064205, 0.231462, 4.86658e-05, 0.704284], 
              [0.768292, 4.86658e-05, 0.118217, 0.113442], 
              [0.0100447, 0.162531, 0.00497224, 0.822452], 
              [0.778139, 4.86658e-05, 0.221615, 0.000197518], 
              [0.000197518, 0.265928, 0.00989581, 0.723979], 
              [0.79291, 0.0148194, 0.192072, 0.000197518], 
              [0.12329, 0.206844, 4.86658e-05, 0.669819], 
              [0.753521, 0.0295911, 0.0443618, 0.172527]
            ]
          }, {
            "db": 0,
            "id": "CCCCTTWCCAY",
            "alt": "MEME-9",
            "len": 11,
            "nsites": 28,
            "evalue": "5.4e+000",
            "pwm": [
              [0.00142762, 0.676508, 0.000351744, 0.321713], 
              [0.00142762, 0.996793, 0.000351744, 0.00142762], 
              [0.00142762, 0.961206, 0.0359386, 0.00142762], 
              [0.250538, 0.640921, 0.107113, 0.00142762], 
              [0.00142762, 0.107113, 0.0715265, 0.819933], 
              [0.00142762, 0.249462, 0.1427, 0.60641], 
              [0.464061, 0.000351744, 0.107113, 0.428473], 
              [0.00142762, 0.78327, 0.1427, 0.0726024], 
              [0.00142762, 0.747683, 0.000351744, 0.250538], 
              [0.641997, 0.1427, 0.000351744, 0.214951], 
              [0.00142762, 0.605334, 0.000351744, 0.392887]
            ]
          }, {
            "db": 0,
            "id": "GVDAAAWAAAAAWRGVDAWAWWAAGCKAN",
            "alt": "MEME-14",
            "len": 29,
            "nsites": 18,
            "evalue": "1.4e+002",
            "pwm": [
              [0.00221635, 0.166292, 0.829275, 0.00221635], 
              [0.388957, 0.276789, 0.276789, 0.0574654], 
              [0.388957, 0.000546078, 0.276789, 0.333708], 
              [0.775697, 0.0557951, 0.000546078, 0.167963], 
              [0.6652, 0.000546078, 0.22154, 0.112713], 
              [0.775697, 0.111043, 0.111043, 0.00221635], 
              [0.609951, 0.000546078, 0.000546078, 0.388957], 
              [0.6652, 0.0557951, 0.276789, 0.00221635], 
              [0.996691, 0.000546078, 0.000546078, 0.00221635], 
              [0.720448, 0.0557951, 0.22154, 0.00221635], 
              [0.609951, 0.22154, 0.111043, 0.0574654], 
              [0.609951, 0.000546078, 0.22154, 0.167963], 
              [0.333708, 0.111043, 0.0557951, 0.499454], 
              [0.609951, 0.000546078, 0.332037, 0.0574654], 
              [0.00221635, 0.166292, 0.829275, 0.00221635], 
              [0.27846, 0.276789, 0.442535, 0.00221635], 
              [0.388957, 0.111043, 0.22154, 0.27846], 
              [0.996691, 0.000546078, 0.000546078, 0.00221635], 
              [0.444205, 0.111043, 0.000546078, 0.444205], 
              [0.775697, 0.000546078, 0.22154, 0.00221635], 
              [0.388957, 0.166292, 0.0557951, 0.388957], 
              [0.554703, 0.000546078, 0.166292, 0.27846], 
              [0.830945, 0.000546078, 0.0557951, 0.112713], 
              [0.830945, 0.000546078, 0.000546078, 0.167963], 
              [0.0574654, 0.111043, 0.829275, 0.00221635], 
              [0.223211, 0.497784, 0.0557951, 0.223211], 
              [0.00221635, 0.000546078, 0.553033, 0.444205], 
              [0.6652, 0.166292, 0.111043, 0.0574654], 
              [0.27846, 0.332037, 0.166292, 0.223211]
            ]
          }, {
            "db": 0,
            "id": "HCCCCA",
            "alt": "MEME-6",
            "len": 6,
            "nsites": 128,
            "evalue": "8.9e-013",
            "pwm": [
              [0.281344, 0.374784, 0.132785, 0.211086], 
              [0.000313161, 0.999297, 7.71586e-05, 0.000313161], 
              [0.000313161, 0.999297, 7.71586e-05, 0.000313161], 
              [0.172054, 0.827556, 7.71586e-05, 0.000313161], 
              [0.000313161, 0.999297, 7.71586e-05, 0.000313161], 
              [0.679471, 0.320139, 7.71586e-05, 0.000313161]
            ]
          }, {
            "db": 0,
            "id": "KGYKWGCAYAYYYYTRTYYTKCCY",
            "alt": "MEME-10",
            "len": 24,
            "nsites": 2,
            "evalue": "6.2e+002",
            "pwm": [
              [0.0191029, 0.00470667, 0.480897, 0.495293], 
              [0.0191029, 0.00470667, 0.957088, 0.0191029], 
              [0.0191029, 0.480897, 0.00470667, 0.495293], 
              [0.0191029, 0.00470667, 0.480897, 0.495293], 
              [0.495293, 0.00470667, 0.00470667, 0.495293], 
              [0.0191029, 0.00470667, 0.957088, 0.0191029], 
              [0.0191029, 0.957088, 0.00470667, 0.0191029], 
              [0.971484, 0.00470667, 0.00470667, 0.0191029], 
              [0.0191029, 0.480897, 0.00470667, 0.495293], 
              [0.971484, 0.00470667, 0.00470667, 0.0191029], 
              [0.0191029, 0.480897, 0.00470667, 0.495293], 
              [0.0191029, 0.480897, 0.00470667, 0.495293], 
              [0.0191029, 0.480897, 0.00470667, 0.495293], 
              [0.0191029, 0.480897, 0.00470667, 0.495293], 
              [0.0191029, 0.00470667, 0.00470667, 0.971484], 
              [0.495293, 0.00470667, 0.480897, 0.0191029], 
              [0.0191029, 0.00470667, 0.00470667, 0.971484], 
              [0.0191029, 0.480897, 0.00470667, 0.495293], 
              [0.0191029, 0.480897, 0.00470667, 0.495293], 
              [0.0191029, 0.00470667, 0.00470667, 0.971484], 
              [0.0191029, 0.00470667, 0.480897, 0.495293], 
              [0.0191029, 0.957088, 0.00470667, 0.0191029], 
              [0.0191029, 0.957088, 0.00470667, 0.0191029], 
              [0.0191029, 0.480897, 0.00470667, 0.495293]
            ]
          }, {
            "db": 0,
            "id": "TATATATRCAT",
            "alt": "MEME-8",
            "len": 11,
            "nsites": 162,
            "evalue": "3.4e-008",
            "pwm": [
              [0.000247477, 0.215977, 0.0370751, 0.746701], 
              [0.87625, 6.09748e-05, 0.123442, 0.000247477], 
              [0.0125859, 6.09748e-05, 0.00623017, 0.981123], 
              [0.900927, 6.09748e-05, 0.098765, 0.000247477], 
              [0.000247477, 0.123442, 6.09748e-05, 0.87625], 
              [0.820729, 6.09748e-05, 0.178963, 0.000247477], 
              [0.123628, 0.0123994, 0.0185686, 0.845405], 
              [0.358052, 0.135779, 0.505922, 0.000247477], 
              [0.000247477, 0.999444, 6.09748e-05, 0.000247477], 
              [0.87625, 0.123442, 6.09748e-05, 0.000247477], 
              [0.11129, 0.283837, 6.09748e-05, 0.604812]
            ]
          }, {
            "db": 0,
            "id": "TATATRTRYATRTRY",
            "alt": "MEME-4",
            "len": 15,
            "nsites": 210,
            "evalue": "2.9e-048",
            "pwm": [
              [0.166779, 0.123798, 0.0238457, 0.685579], 
              [0.742694, 0.019086, 0.109519, 0.128701], 
              [0.14298, 0.0476434, 4.70443e-05, 0.80933], 
              [0.733175, 4.70443e-05, 0.180913, 0.0858641], 
              [0.0239896, 0.0238457, 0.0571628, 0.895003], 
              [0.557069, 4.70443e-05, 0.309424, 0.13346], 
              [0.000190938, 0.157115, 4.70443e-05, 0.842647], 
              [0.376202, 0.00480678, 0.599761, 0.0192299], 
              [0.000190938, 0.442693, 4.70443e-05, 0.557069], 
              [0.676059, 4.70443e-05, 0.323703, 0.000190938], 
              [0.0239896, 0.157115, 0.0381239, 0.780771], 
              [0.552309, 4.70443e-05, 0.342741, 0.104903], 
              [0.000190938, 0.071442, 4.70443e-05, 0.92832], 
              [0.395241, 0.0286044, 0.537886, 0.0382678], 
              [0.100143, 0.599761, 4.70443e-05, 0.300048]
            ]
          }, {
            "db": 0,
            "id": "TGCGCAG",
            "alt": "MEME-12",
            "len": 7,
            "nsites": 4,
            "evalue": "2.4e+003",
            "pwm": [
              [0.00978439, 0.00241074, 0.00241074, 0.985394], 
              [0.00978439, 0.00241074, 0.97802, 0.00978439], 
              [0.00978439, 0.97802, 0.00241074, 0.00978439], 
              [0.00978439, 0.00241074, 0.97802, 0.00978439], 
              [0.00978439, 0.97802, 0.00241074, 0.00978439], 
              [0.741492, 0.00241074, 0.246313, 0.00978439], 
              [0.00978439, 0.00241074, 0.97802, 0.00978439]
            ]
          }, {
            "db": 0,
            "id": "TKSYTKSMTTTWTTSAMWTHY",
            "alt": "MEME-15",
            "len": 21,
            "nsites": 26,
            "evalue": "8.0e+003",
            "pwm": [
              [0.0398516, 0.153635, 0.115322, 0.691192], 
              [0.00153701, 0.000378698, 0.38352, 0.614564], 
              [0.0398516, 0.345206, 0.536778, 0.0781653], 
              [0.0398516, 0.421835, 0.000378698, 0.537936], 
              [0.0781653, 0.000378698, 0.000378698, 0.921077], 
              [0.00153701, 0.115322, 0.460148, 0.422993], 
              [0.00153701, 0.613406, 0.38352, 0.00153701], 
              [0.652878, 0.345206, 0.000378698, 0.00153701], 
              [0.0781653, 0.230264, 0.000378698, 0.691192], 
              [0.193108, 0.230264, 0.000378698, 0.57625], 
              [0.269736, 0.115322, 0.000378698, 0.614564], 
              [0.461307, 0.19195, 0.000378698, 0.346365], 
              [0.11648, 0.000378698, 0.19195, 0.691192], 
              [0.00153701, 0.230264, 0.230264, 0.537936], 
              [0.00153701, 0.498463, 0.498463, 0.00153701], 
              [0.882763, 0.077007, 0.000378698, 0.0398516], 
              [0.537936, 0.421835, 0.0386933, 0.00153701], 
              [0.652878, 0.000378698, 0.000378698, 0.346365], 
              [0.0398516, 0.19195, 0.19195, 0.57625], 
              [0.30805, 0.306892, 0.153635, 0.231422], 
              [0.11648, 0.460148, 0.000378698, 0.422993]
            ]
          }, {
            "db": 0,
            "id": "TTTTTTTTTTTTTHWTTYWTTTTTTTTTT",
            "alt": "MEME-3",
            "len": 29,
            "nsites": 205,
            "evalue": "2.3e-066",
            "pwm": [
              [0.0489518, 0.0780591, 0.0780591, 0.79493], 
              [0.14159, 0.112188, 0.0390532, 0.707168], 
              [0.156217, 0.0293019, 0.15607, 0.658412], 
              [0.0782065, 0.126815, 0.0488044, 0.746173], 
              [0.224476, 0.0146751, 4.81912e-05, 0.760801], 
              [0.156217, 4.81912e-05, 0.0146751, 0.829059], 
              [0.10746, 4.81912e-05, 0.053681, 0.838811], 
              [0.0635797, 0.165821, 4.81912e-05, 0.770552], 
              [0.263482, 0.0488044, 4.81912e-05, 0.687665], 
              [0.000195592, 0.0488044, 0.0683079, 0.882692], 
              [0.273233, 0.092686, 4.81912e-05, 0.634032], 
              [0.0879578, 0.12194, 4.81912e-05, 0.790054], 
              [0.126963, 0.224329, 0.0488044, 0.599903], 
              [0.385374, 0.263335, 4.81912e-05, 0.351244], 
              [0.331741, 0.12194, 0.0488044, 0.497514], 
              [0.0245737, 0.107313, 4.81912e-05, 0.868065], 
              [0.000195592, 0.0195507, 0.117064, 0.86319], 
              [0.0245737, 0.351097, 4.81912e-05, 0.624281], 
              [0.424379, 0.0975616, 0.165821, 0.312238], 
              [0.0684553, 0.170697, 4.81912e-05, 0.760801], 
              [0.263482, 0.053681, 4.81912e-05, 0.68279], 
              [0.126963, 0.170697, 4.81912e-05, 0.702292], 
              [0.282985, 4.81912e-05, 0.0341775, 0.68279], 
              [0.263482, 4.81912e-05, 0.0731835, 0.663287], 
              [0.0440762, 4.81912e-05, 0.0488044, 0.90707], 
              [0.0587041, 4.81912e-05, 0.141442, 0.799806], 
              [0.102585, 0.136567, 0.0146751, 0.746173], 
              [0.268358, 0.0731835, 0.0780591, 0.580401], 
              [0.112336, 0.092686, 0.0341775, 0.760801]
            ]
          }, {
            "db": 0,
            "id": "VAAAAAAAAAAAWRHAWAAAA",
            "alt": "MEME-5",
            "len": 21,
            "nsites": 210,
            "evalue": "7.0e-034",
            "pwm": [
              [0.352404, 0.257068, 0.228509, 0.162019], 
              [0.871205, 0.0809605, 4.70443e-05, 0.0477873], 
              [0.685579, 0.09048, 0.0476434, 0.176297], 
              [0.714137, 4.70443e-05, 0.0524031, 0.233413], 
              [0.856926, 0.0762008, 0.0666823, 0.000190938], 
              [0.856926, 0.0381239, 0.0762008, 0.0287483], 
              [0.999715, 4.70443e-05, 4.70443e-05, 0.000190938], 
              [0.909282, 0.0428836, 0.0476434, 0.000190938], 
              [0.880724, 4.70443e-05, 0.0571628, 0.0620665], 
              [0.847407, 0.00480678, 4.70443e-05, 0.14774], 
              [0.999715, 4.70443e-05, 4.70443e-05, 0.000190938], 
              [0.733175, 4.70443e-05, 0.071442, 0.195336], 
              [0.314327, 0.0524031, 0.176153, 0.457116], 
              [0.495193, 0.00480678, 0.499809, 0.000190938], 
              [0.300048, 0.204712, 0.123798, 0.371443], 
              [0.814089, 0.0381239, 0.147596, 0.000190938], 
              [0.576107, 0.123798, 4.70443e-05, 0.300048], 
              [0.833127, 4.70443e-05, 0.0999994, 0.0668262], 
              [0.637982, 0.276106, 4.70443e-05, 0.0858641], 
              [0.633222, 0.109519, 0.0333642, 0.223894], 
              [0.595146, 0.0999994, 0.0571628, 0.247692]
            ]
          }, {
            "db": 0,
            "id": "WSCMWGCWWYTATATTWTKC",
            "alt": "MEME-13",
            "len": 20,
            "nsites": 8,
            "evalue": "5.7e+003",
            "pwm": [
              [0.375323, 0.124677, 0.00122025, 0.49878], 
              [0.00495259, 0.618504, 0.371591, 0.00495259], 
              [0.128409, 0.865418, 0.00122025, 0.00495259], 
              [0.622237, 0.371591, 0.00122025, 0.00495259], 
              [0.49878, 0.00122025, 0.00122025, 0.49878], 
              [0.00495259, 0.248134, 0.741961, 0.00495259], 
              [0.00495259, 0.741961, 0.00122025, 0.251866], 
              [0.251866, 0.248134, 0.00122025, 0.49878], 
              [0.49878, 0.00122025, 0.00122025, 0.49878], 
              [0.128409, 0.495047, 0.124677, 0.251866], 
              [0.128409, 0.248134, 0.124677, 0.49878], 
              [0.745693, 0.248134, 0.00122025, 0.00495259], 
              [0.00495259, 0.248134, 0.248134, 0.49878], 
              [0.992607, 0.00122025, 0.00122025, 0.00495259], 
              [0.00495259, 0.248134, 0.00122025, 0.745693], 
              [0.251866, 0.00122025, 0.124677, 0.622237], 
              [0.375323, 0.00122025, 0.00122025, 0.622237], 
              [0.251866, 0.00122025, 0.00122025, 0.745693], 
              [0.00495259, 0.124677, 0.371591, 0.49878], 
              [0.00495259, 0.988875, 0.00122025, 0.00495259]
            ]
          }, {
            "db": 0,
            "id": "WTTTTTTTTTHTWTTTTTTTTTHYTTTTT",
            "alt": "MEME-2",
            "len": 29,
            "nsites": 209,
            "evalue": "1.4e-108",
            "pwm": [
              [0.382784, 0.0670012, 4.72693e-05, 0.550168], 
              [0.186706, 0.119607, 4.72693e-05, 0.69364], 
              [0.201053, 0.0335243, 0.220038, 0.545386], 
              [0.158011, 0.100477, 0.0622185, 0.679293], 
              [0.248877, 0.00961169, 0.138737, 0.602775], 
              [0.000191851, 0.0956955, 0.0574358, 0.846677], 
              [0.248877, 4.72693e-05, 0.12439, 0.626686], 
              [0.000191851, 0.129172, 0.0287415, 0.841894], 
              [0.158011, 0.129172, 0.186561, 0.526256], 
              [0.00497456, 0.277427, 0.0239588, 0.69364], 
              [0.325395, 0.22482, 0.0574358, 0.392348], 
              [0.220183, 0.100477, 0.038307, 0.641033], 
              [0.272788, 0.172214, 0.0956955, 0.459302], 
              [0.172358, 4.72693e-05, 0.0335243, 0.79407], 
              [0.0241034, 4.72693e-05, 0.0335243, 0.942325], 
              [0.000191851, 0.0191771, 0.110043, 0.870588], 
              [0.0862747, 0.0335243, 0.12439, 0.755811], 
              [0.000191851, 0.00482998, 0.0765657, 0.918413], 
              [0.0527987, 0.0239588, 4.72693e-05, 0.923195], 
              [0.220183, 0.0430887, 0.0239588, 0.71277], 
              [0.0384515, 0.138737, 0.0622185, 0.760594], 
              [0.100622, 0.229602, 0.10526, 0.564515], 
              [0.25366, 0.215255, 0.119607, 0.411478], 
              [0.100622, 0.315685, 4.72693e-05, 0.583645], 
              [0.000191851, 0.210473, 0.100477, 0.688857], 
              [0.167576, 0.129172, 4.72693e-05, 0.703204], 
              [0.00497456, 4.72693e-05, 4.72693e-05, 0.994931], 
              [0.0623631, 0.0478714, 0.0478714, 0.841894], 
              [0.00497456, 0.110043, 0.0478714, 0.837112]
            ]
          }, {
            "db": 0,
            "id": "YCWWTTRARRVGGCATWTAGAGRVAGTTT",
            "alt": "MEME-11",
            "len": 29,
            "nsites": 8,
            "evalue": "1.9e+003",
            "pwm": [
              [0.00495259, 0.371591, 0.124677, 0.49878], 
              [0.128409, 0.741961, 0.124677, 0.00495259], 
              [0.49878, 0.124677, 0.00122025, 0.375323], 
              [0.49878, 0.00122025, 0.00122025, 0.49878], 
              [0.00495259, 0.00122025, 0.124677, 0.86915], 
              [0.00495259, 0.124677, 0.124677, 0.745693], 
              [0.49878, 0.00122025, 0.371591, 0.128409], 
              [0.622237, 0.124677, 0.00122025, 0.251866], 
              [0.49878, 0.124677, 0.371591, 0.00495259], 
              [0.375323, 0.00122025, 0.618504, 0.00495259], 
              [0.251866, 0.495047, 0.248134, 0.00495259], 
              [0.128409, 0.00122025, 0.741961, 0.128409], 
              [0.251866, 0.00122025, 0.741961, 0.00495259], 
              [0.00495259, 0.741961, 0.00122025, 0.251866], 
              [0.745693, 0.124677, 0.124677, 0.00495259], 
              [0.251866, 0.00122025, 0.00122025, 0.745693], 
              [0.375323, 0.00122025, 0.124677, 0.49878], 
              [0.251866, 0.124677, 0.00122025, 0.622237], 
              [0.49878, 0.124677, 0.248134, 0.128409], 
              [0.128409, 0.00122025, 0.865418, 0.00495259], 
              [0.992607, 0.00122025, 0.00122025, 0.00495259], 
              [0.00495259, 0.00122025, 0.865418, 0.128409], 
              [0.375323, 0.00122025, 0.618504, 0.00495259], 
              [0.251866, 0.248134, 0.495047, 0.00495259], 
              [0.745693, 0.124677, 0.124677, 0.00495259], 
              [0.00495259, 0.124677, 0.618504, 0.251866], 
              [0.00495259, 0.248134, 0.248134, 0.49878], 
              [0.00495259, 0.248134, 0.248134, 0.49878], 
              [0.00495259, 0.248134, 0.124677, 0.622237]
            ]
          }
        ],
        "targets": [
          {
            "db": 0,
            "id": "MA0015.1",
            "alt": "Cf2",
            "len": 10,
            "nsites": 80,
            "url": "http://jaspar2022.genereg.net/matrix/MA0015.1",
            "pwm": [
              [0.312611, 0.162421, 0.499499, 0.0254696], 
              [0.0129852, 0.0250922, 0.0126078, 0.949315], 
              [0.924346, 0.0250922, 0.050061, 0.000500823], 
              [0.000500823, 0.112483, 0.050061, 0.836955], 
              [0.974284, 0.0250922, 0.000123396, 0.000500823], 
              [0.0129852, 0.050061, 0.0126078, 0.924346], 
              [0.512361, 0.0250922, 0.449562, 0.0129852], 
              [0.0254696, 0.112483, 0.0126078, 0.84944], 
              [0.662174, 0.0375766, 0.249811, 0.0504384], 
              [0.150314, 0.362171, 0.187389, 0.300126]
            ]
          }, {
            "db": 0,
            "id": "MA0039.4",
            "alt": "KLF4",
            "len": 12,
            "nsites": 55817,
            "url": "http://jaspar2022.genereg.net/matrix/MA0039.4",
            "pwm": [
              [0.2252, 0.313883, 0.255173, 0.205744], 
              [0.205798, 0.2515, 0.330957, 0.211746], 
              [0.0441626, 0.881612, 0.0283611, 0.0458646], 
              [0.0377137, 0.857533, 0.0217501, 0.0830036], 
              [0.125786, 0.813461, 0.0254761, 0.0352767], 
              [0.0210157, 0.94729, 0.0142072, 0.0174867], 
              [0.81699, 0.00288417, 0.118208, 0.0619176], 
              [0.0152647, 0.938171, 0.0263361, 0.0202277], 
              [0.0289707, 0.915706, 0.0335021, 0.0218217], 
              [0.0215357, 0.914505, 0.0180051, 0.0459546], 
              [0.291381, 0.326943, 0.112726, 0.26895], 
              [0.178422, 0.344286, 0.25838, 0.218912]
            ]
          }, {
            "db": 0,
            "id": "MA0041.2",
            "alt": "FOXD3",
            "len": 16,
            "nsites": 206,
            "url": "http://jaspar2022.genereg.net/matrix/MA0041.2",
            "pwm": [
              [0.417468, 0.106792, 0.0631243, 0.412615], 
              [0.568639, 0.0805779, 0.246373, 0.104409], 
              [0.347354, 0.171721, 0.171721, 0.309205], 
              [0.282885, 0.0858653, 0.580574, 0.0506751], 
              [0.255885, 0.281565, 0.0207099, 0.44184], 
              [0.810228, 0.175318, 0.00478466, 0.00966904], 
              [0.919104, 0.0430381, 4.79575e-05, 0.0378104], 
              [0.944487, 0.00557028, 0.0387032, 0.0112393], 
              [0.000194643, 0.251388, 4.79575e-05, 0.748369], 
              [0.929092, 0.0217764, 0.0109127, 0.0382192], 
              [0.850528, 0.0547474, 0.0398296, 0.0548941], 
              [0.703557, 0.069973, 0.082313, 0.144158], 
              [0.0574359, 0.752986, 0.0572892, 0.13229], 
              [0.562984, 0.0900942, 0.135117, 0.211804], 
              [0.461958, 0.111105, 0.233852, 0.193083], 
              [0.174529, 0.255738, 0.156949, 0.412785]
            ]
          }, {
            "db": 0,
            "id": "MA0049.1",
            "alt": "hb",
            "len": 10,
            "nsites": 16,
            "url": "http://jaspar2022.genereg.net/matrix/MA0049.1",
            "pwm": [
              [0.0646035, 0.311173, 0.497508, 0.126715], 
              [0.375162, 0.497508, 0.124838, 0.00249167], 
              [0.561498, 0.186949, 0.249061, 0.00249167], 
              [0.250939, 0.186949, 0.0627257, 0.499386], 
              [0.809945, 0.0627257, 0.000613916, 0.126715], 
              [0.99628, 0.000613916, 0.000613916, 0.00249167], 
              [0.99628, 0.000613916, 0.000613916, 0.00249167], 
              [0.872057, 0.000613916, 0.124838, 0.00249167], 
              [0.934169, 0.0627257, 0.000613916, 0.00249167], 
              [0.561498, 0.124838, 0.124838, 0.188827]
            ]
          }, {
            "db": 0,
            "id": "MA0137.3",
            "alt": "STAT1",
            "len": 11,
            "nsites": 3629,
            "url": "http://jaspar2022.genereg.net/matrix/MA0137.3",
            "pwm": [
              [0.100862, 0.20143, 0.21631, 0.481398], 
              [1.1054e-05, 0.0143313, 2.72355e-06, 0.985655], 
              [1.1054e-05, 0.00165568, 0.0303129, 0.968019], 
              [0.0994843, 0.898848, 0.00165568, 1.1054e-05], 
              [0.0300462, 0.553583, 2.72355e-06, 0.416368], 
              [0.479193, 2.72355e-06, 0.451078, 0.0697251], 
              [0.0449258, 2.72355e-06, 0.95506, 1.1054e-05], 
              [0.00800183, 0.00193167, 0.944039, 0.0460278], 
              [0.997504, 2.72355e-06, 0.00248266, 1.1054e-05], 
              [0.998606, 0.00138069, 2.72355e-06, 1.1054e-05], 
              [0.51777, 0.0856994, 0.199777, 0.196754]
            ]
          }, {
            "db": 0,
            "id": "MA0268.1",
            "alt": "ADR1",
            "len": 7,
            "nsites": 100,
            "url": "http://jaspar2022.genereg.net/matrix/MA0268.1",
            "pwm": [
              [0.409991, 0.239859, 0.129969, 0.220181], 
              [0.000400759, 0.9991, 9.87417e-05, 0.000400759], 
              [0.000400759, 0.84925, 9.87417e-05, 0.150251], 
              [0.000400759, 0.9991, 9.87417e-05, 0.000400759], 
              [0.000400759, 0.9991, 9.87417e-05, 0.000400759], 
              [0.639761, 0.0600388, 0.199899, 0.100301], 
              [0.340061, 0.509589, 0.0600388, 0.0903108]
            ]
          }, {
            "db": 0,
            "id": "MA0337.1",
            "alt": "MIG1",
            "len": 7,
            "nsites": 100,
            "url": "http://jaspar2022.genereg.net/matrix/MA0337.1",
            "pwm": [
              [0.320081, 0.349749, 0.149949, 0.180221], 
              [0.0103908, 0.96913, 0.0100888, 0.0103908], 
              [0.000400759, 0.9991, 9.87417e-05, 0.000400759], 
              [0.000400759, 0.9991, 9.87417e-05, 0.000400759], 
              [0.000400759, 0.9991, 9.87417e-05, 0.000400759], 
              [0.459941, 0.0300688, 0.499599, 0.0103908], 
              [0.0508553, 0.575282, 0.302826, 0.0710371]
            ]
          }, {
            "db": 0,
            "id": "MA0386.1",
            "alt": "SPT15",
            "len": 21,
            "nsites": 997,
            "url": "http://jaspar2022.genereg.net/matrix/MA0386.1",
            "pwm": [
              [0.277846, 0.250737, 0.387132, 0.0842848], 
              [0.337681, 0.191374, 0.14729, 0.323655], 
              [0.253268, 0.34532, 0.0880891, 0.313322], 
              [0.160345, 0.200391, 0.154303, 0.484962], 
              [0.546077, 0.139275, 0.154303, 0.160345], 
              [0.115259, 0.0981961, 0.702344, 0.0841998], 
              [0.287586, 0.198387, 0.266516, 0.24751], 
              [0.332672, 0.110219, 0.0270612, 0.530047], 
              [0.908767, 0.00702321, 0.0250574, 0.0591523], 
              [0.012075, 0.00703021, 0.0230766, 0.957818], 
              [0.981924, 0.00201171, 0.00401351, 0.012051], 
              [0.0381124, 0.00101181, 0.00501941, 0.955856], 
              [0.971887, 0.00201371, 0.00602131, 0.0200782], 
              [0.0441238, 0.00401751, 0.00301561, 0.948843], 
              [0.884721, 0.0100289, 0.0240555, 0.0811941], 
              [0.186208, 0.0620657, 0.0940945, 0.657632], 
              [0.264543, 0.122242, 0.129256, 0.48396], 
              [0.137301, 0.380734, 0.369712, 0.112253], 
              [0.26628, 0.228215, 0.384355, 0.121149], 
              [0.350355, 0.176168, 0.172165, 0.301311], 
              [0.248761, 0.193571, 0.270795, 0.286872]
            ]
          }, {
            "db": 0,
            "id": "MA0398.1",
            "alt": "SUM1",
            "len": 9,
            "nsites": 100,
            "url": "http://jaspar2022.genereg.net/matrix/MA0398.1",
            "pwm": [
              [0.499901, 0.139959, 0.139959, 0.220181], 
              [0.519881, 0.0800188, 0.0800188, 0.320081], 
              [0.619781, 0.0200788, 0.0200788, 0.340061], 
              [0.999402, 9.87417e-05, 9.87417e-05, 0.000400759], 
              [0.000400759, 9.87417e-05, 9.87417e-05, 0.999402], 
              [0.0803208, 9.87417e-05, 9.87417e-05, 0.919482], 
              [0.240161, 9.87417e-05, 9.87417e-05, 0.759642], 
              [0.282946, 0.0505533, 0.0505533, 0.615947], 
              [0.150251, 0.149949, 0.109989, 0.589811]
            ]
          }, {
            "db": 0,
            "id": "MA0425.1",
            "alt": "YGR067C",
            "len": 14,
            "nsites": 101,
            "url": "http://jaspar2022.genereg.net/matrix/MA0425.1",
            "pwm": [
              [0.35648, 0.237487, 0.26716, 0.138874], 
              [0.000396795, 0.999109, 9.7765e-05, 0.000396795], 
              [0.000396795, 0.989119, 9.7765e-05, 0.0103869], 
              [0.000396795, 0.999109, 9.7765e-05, 0.000396795], 
              [0.0103869, 0.989119, 9.7765e-05, 0.000396795], 
              [0.409991, 9.7765e-05, 0.309791, 0.28012], 
              [0.000396795, 0.979128, 0.0100879, 0.0103869], 
              [0.267459, 0.257269, 0.168248, 0.307024], 
              [0.230169, 0.259841, 0.1999, 0.31009], 
              [0.240159, 0.259841, 0.1999, 0.3001], 
              [0.25015, 0.23986, 0.24985, 0.26014], 
              [0.25015, 0.21988, 0.259841, 0.27013], 
              [0.220179, 0.259841, 0.259841, 0.26014], 
              [0.257568, 0.237487, 0.257269, 0.247677]
            ]
          }, {
            "db": 0,
            "id": "MA0431.1",
            "alt": "TDA9",
            "len": 9,
            "nsites": 100,
            "url": "http://jaspar2022.genereg.net/matrix/MA0431.1",
            "pwm": [
              [0.320081, 0.239859, 0.229869, 0.210191], 
              [0.000400759, 0.9991, 9.87417e-05, 0.000400759], 
              [0.000400759, 0.9991, 9.87417e-05, 0.000400759], 
              [0.000400759, 0.9991, 9.87417e-05, 0.000400759], 
              [0.000400759, 0.9991, 9.87417e-05, 0.000400759], 
              [0.300101, 9.87417e-05, 0.359739, 0.340061], 
              [0.000400759, 0.9991, 9.87417e-05, 0.000400759], 
              [0.43561, 0.158356, 0.0297721, 0.376263], 
              [0.190211, 0.349749, 0.149949, 0.310091]
            ]
          }, {
            "db": 0,
            "id": "MA0495.3",
            "alt": "MAFF",
            "len": 16,
            "nsites": 37746,
            "url": "http://jaspar2022.genereg.net/matrix/MA0495.3",
            "pwm": [
              [0.317358, 0.147645, 0.294653, 0.240343], 
              [0.467467, 0.10931, 0.134425, 0.288799], 
              [0.104462, 0.111747, 0.734963, 0.0488269], 
              [0.015234, 0.00977624, 0.0108362, 0.964154], 
              [0.0457809, 0.927778, 0.00874324, 0.017698], 
              [0.966724, 0.00402725, 0.0117632, 0.017486], 
              [0.016903, 0.0105972, 0.898716, 0.0737839], 
              [0.010757, 0.959782, 0.0110742, 0.018387], 
              [0.912837, 0.0148102, 0.0275792, 0.0447739], 
              [0.20238, 0.115509, 0.117681, 0.564431], 
              [0.189663, 0.0532241, 0.0485611, 0.708551], 
              [0.153289, 0.0641921, 0.0396862, 0.742833], 
              [0.172867, 0.127669, 0.0619671, 0.637497], 
              [0.309225, 0.187887, 0.125338, 0.37755], 
              [0.26477, 0.200922, 0.177794, 0.356515], 
              [0.301674, 0.194511, 0.191093, 0.312722]
            ]
          }, {
            "db": 0,
            "id": "MA0554.1",
            "alt": "SOC1",
            "len": 15,
            "nsites": 888,
            "url": "http://jaspar2022.genereg.net/matrix/MA0554.1",
            "pwm": [
              [0.324333, 0.13851, 0.111485, 0.425673], 
              [0.193717, 0.297275, 0.127249, 0.381759], 
              [0.0732349, 0.0304127, 0.0382948, 0.858057], 
              [0.0698573, 1.11294e-05, 0.0574367, 0.872695], 
              [0.131787, 0.0529332, 0.100225, 0.715055], 
              [0.0225656, 0.962741, 0.0146495, 4.51705e-05], 
              [4.51705e-05, 0.694753, 0.010145, 0.295057], 
              [0.516879, 0.0416734, 0.063067, 0.378381], 
              [0.154307, 0.0878392, 1.11294e-05, 0.757843], 
              [0.146425, 0.00676737, 1.11294e-05, 0.846797], 
              [0.0248174, 0.00901912, 1.11294e-05, 0.966152], 
              [0.110393, 0.0270351, 1.11294e-05, 0.862561], 
              [0.101385, 0.0799571, 0.0968472, 0.721811], 
              [0.203851, 0.0112709, 0.769069, 0.0158094], 
              [0.019187, 0.0259092, 0.748801, 0.206103]
            ]
          }, {
            "db": 0,
            "id": "MA0556.1",
            "alt": "AP3",
            "len": 15,
            "nsites": 291,
            "url": "http://jaspar2022.genereg.net/matrix/MA0556.1",
            "pwm": [
              [0.31618, 0.123702, 0.0687393, 0.491378], 
              [0.288699, 0.113397, 0.134009, 0.463896], 
              [0.165029, 0.827928, 3.39541e-05, 0.00700845], 
              [0.000137808, 0.797011, 0.00346877, 0.199382], 
              [0.635658, 0.209584, 0.037822, 0.116936], 
              [0.745586, 0.075609, 0.037822, 0.140982], 
              [0.972313, 3.39541e-05, 3.39541e-05, 0.0276194], 
              [0.824596, 0.00346877, 3.39541e-05, 0.1719], 
              [0.536036, 0.0343861, 0.357299, 0.072278], 
              [0.326486, 3.39541e-05, 0.103092, 0.570389], 
              [0.336792, 0.00690459, 0.656165, 0.000137808], 
              [0.0241845, 3.39541e-05, 0.975644, 0.000137808], 
              [0.628788, 0.192408, 0.0172101, 0.161594], 
              [0.793679, 0.0618687, 0.0309513, 0.113501], 
              [0.834903, 0.0309513, 0.0653035, 0.0688432]
            ]
          }, {
            "db": 0,
            "id": "MA0559.1",
            "alt": "PI",
            "len": 14,
            "nsites": 558,
            "url": "http://jaspar2022.genereg.net/matrix/MA0559.1",
            "pwm": [
              [0.279592, 0.600268, 0.0860243, 0.0341158], 
              [0.102205, 0.705984, 0.0788566, 0.112955], 
              [0.639742, 0.141569, 0.120068, 0.0986202], 
              [0.802795, 0.0215189, 0.148737, 0.0269491], 
              [0.98735, 0.00180939, 0.00718443, 0.00365524], 
              [0.892385, 1.77102e-05, 0.0215189, 0.0860785], 
              [0.539402, 0.0143521, 0.437215, 0.00903127], 
              [0.559112, 0.0251032, 0.123652, 0.292135], 
              [0.413976, 1.77102e-05, 0.585935, 7.18795e-05], 
              [0.0126146, 0.0107688, 0.976546, 7.18795e-05], 
              [0.799212, 0.0967744, 0.0125605, 0.0914535], 
              [0.88701, 0.0125605, 0.043021, 0.0574096], 
              [0.817129, 0.0466044, 0.107525, 0.0287407], 
              [0.458771, 0.103942, 0.356585, 0.0807024]
            ]
          }, {
            "db": 0,
            "id": "MA0940.1",
            "alt": "AP1",
            "len": 13,
            "nsites": 1622,
            "url": "http://jaspar2022.genereg.net/matrix/MA0940.1",
            "pwm": [
              [0.452525, 0.492578, 0.0197339, 0.0351646], 
              [0.0518095, 0.580118, 0.0240486, 0.344024], 
              [0.815634, 0.0283643, 0.0215828, 0.134418], 
              [0.699119, 0.0117194, 0.0937113, 0.195451], 
