<!DOCTYPE HTML>
<html>
  <head>
    <meta charset="UTF-8">
    <title>Tomtom Results</title>
    <script>
      // @JSON_VAR data
      var data = {
        "program": "Tomtom",
        "version": "5.5.7",
        "release": "Wed Jun 19 13:59:04 2024 -0700",
        "cmd": [
          "tomtom", "-no-ssc", "-oc", ".", "-verbosity", "1", "-min-overlap",
          "5", "-dist", "ed", "-evalue", "-thresh", "1.0",
          "-incomplete-scores",
          "/mnt/sdb3/adaobi/malaria_rna-seq_data-analysis/8_motif_analysis/meme_out_15/Cluster3.Sub3/meme.html",
          "/mnt/sdb3/adaobi/motifDB/motif_databases/JASPAR/JASPAR2022_CORE_non-redundant_v2.meme"
        ],
        "options": {
          "strands": "both",
          "distance_measure": "ed",
          "threshold_type": "evalue",
          "threshold_value": 1,
          "background_source": "--query--"
        },
        "alphabet": {
          "name": "DNA",
          "like": "dna",
          "ncore": 4,
          "symbols": [
            {
              "symbol": "A",
              "name": "Adenine",
              "colour": "CC0000",
              "complement": "T"
            }, {
              "symbol": "C",
              "name": "Cytosine",
              "colour": "0000CC",
              "complement": "G"
            }, {
              "symbol": "G",
              "name": "Guanine",
              "colour": "FFB300",
              "complement": "C"
            }, {
              "symbol": "T",
              "aliases": "U",
              "name": "Thymine",
              "colour": "008000",
              "complement": "A"
            }, {
              "symbol": "N",
              "aliases": "X.",
              "name": "Any base",
              "equals": "ACGT"
            }, {
              "symbol": "V",
              "name": "Not T",
              "equals": "ACG"
            }, {
              "symbol": "H",
              "name": "Not G",
              "equals": "ACT"
            }, {
              "symbol": "D",
              "name": "Not C",
              "equals": "AGT"
            }, {
              "symbol": "B",
              "name": "Not A",
              "equals": "CGT"
            }, {
              "symbol": "M",
              "name": "Amino",
              "equals": "AC"
            }, {
              "symbol": "R",
              "name": "Purine",
              "equals": "AG"
            }, {
              "symbol": "W",
              "name": "Weak",
              "equals": "AT"
            }, {
              "symbol": "S",
              "name": "Strong",
              "equals": "CG"
            }, {
              "symbol": "Y",
              "name": "Pyrimidine",
              "equals": "CT"
            }, {
              "symbol": "K",
              "name": "Keto",
              "equals": "GT"
            }
          ]
        },
        "background": [0.401999, 0.0980006, 0.0980006, 0.401999],
        "query_dbs": [
          {
            "source": "/mnt/sdb3/adaobi/malaria_rna-seq_data-analysis/8_motif_analysis/meme_out_15/Cluster3.Sub3/meme.html",
            "name": "meme.html",
            "loaded": 15,
            "excluded": 0,
            "last_modified": "Sat Jan 25 14:28:20 2025"
          }
        ],
        "target_dbs": [
          {
            "source": "/mnt/sdb3/adaobi/motifDB/motif_databases/JASPAR/JASPAR2022_CORE_non-redundant_v2.meme",
            "name": "JASPAR2022_CORE_non-redundant_v2",
            "loaded": 1956,
            "excluded": 0,
            "last_modified": "Tue Jan  9 21:00:00 2024"
          }
        ],
        "queries": [
          {
            "db": 0,
            "id": "AAAAAWAWAAAWAAAWAAAWAAAWAAAAAAAWAWAWWAAAAAAWAAAWA",
            "alt": "MEME-5",
            "len": 49,
            "nsites": 174,
            "evalue": "5.6e-040",
            "pwm": [
              [0.700977, 0.0287758, 5.62898e-05, 0.270191], 
              [0.861805, 0.137908, 5.62898e-05, 0.000230901], 
              [0.781391, 5.62898e-05, 0.0460069, 0.172546], 
              [0.591845, 0.0747264, 0.0402632, 0.293166], 
              [0.73544, 0.0345195, 0.114933, 0.115108], 
              [0.52292, 0.0574943, 0.0172874, 0.402299], 
              [0.936475, 0.063238, 5.62898e-05, 0.000230901], 
              [0.448249, 0.0804701, 0.0517506, 0.41953], 
              [0.597589, 0.0689827, 0.149395, 0.184033], 
              [0.614821, 0.063238, 0.0919575, 0.229984], 
              [0.649283, 0.0287758, 0.172371, 0.14957], 
              [0.511431, 0.132164, 0.0919575, 0.264447], 
              [0.614821, 0.0689827, 0.137908, 0.17829], 
              [0.758416, 0.166628, 0.0747264, 0.000230901], 
              [0.649283, 0.063238, 0.0689827, 0.218496], 
              [0.551638, 0.0747264, 0.0287758, 0.344861], 
              [0.683746, 5.62898e-05, 0.0689827, 0.247215], 
              [0.746928, 0.0919575, 5.62898e-05, 0.161058], 
              [0.666515, 0.0402632, 0.0345195, 0.258703], 
              [0.333372, 0.0919575, 0.0919575, 0.482713], 
              [0.712466, 5.62898e-05, 0.143652, 0.143826], 
              [0.597589, 0.126421, 0.0862138, 0.189777], 
              [0.672259, 0.114933, 5.62898e-05, 0.212753], 
              [0.545894, 0.0747264, 0.0345195, 0.344861], 
              [0.73544, 5.62898e-05, 5.62898e-05, 0.264447], 
              [0.792878, 0.126421, 0.0804701, 0.000230901], 
              [0.913499, 0.063238, 0.0230321, 0.000230901], 
              [0.586101, 0.126421, 5.62898e-05, 0.287422], 
              [0.907755, 5.62898e-05, 0.0919575, 0.000230901], 
              [0.603332, 0.0919575, 0.0460069, 0.258703], 
              [0.76416, 5.62898e-05, 0.0747264, 0.161058], 
              [0.425274, 0.0172874, 0.0517506, 0.505687], 
              [0.833085, 5.62898e-05, 0.0977012, 0.0691573], 
              [0.499944, 0.0172874, 0.0689827, 0.413786], 
              [0.792878, 0.0747264, 0.120677, 0.0117183], 
              [0.540151, 0.063238, 0.0287758, 0.367836], 
              [0.580357, 5.62898e-05, 0.120677, 0.29891], 
              [0.700977, 0.149395, 0.149395, 0.000230901], 
              [0.672259, 0.0919575, 5.62898e-05, 0.235728], 
              [0.649283, 5.62898e-05, 0.0689827, 0.281678], 
              [0.712466, 0.120677, 5.62898e-05, 0.166802], 
              [0.723953, 0.114933, 0.0689827, 0.0921321], 
              [0.643539, 0.0862138, 0.0689827, 0.201264], 
              [0.505687, 0.120677, 0.0747264, 0.29891], 
              [0.649283, 0.0977012, 0.063238, 0.189777], 
              [0.56887, 0.103445, 0.114933, 0.212753], 
              [0.712466, 5.62898e-05, 0.103445, 0.184033], 
              [0.41953, 0.178115, 0.0517506, 0.350605], 
              [0.637795, 0.183859, 0.0747264, 0.103619]
            ]
          }, {
            "db": 0,
            "id": "ATATAYATAYATATATATAT",
            "alt": "MEME-1",
            "len": 20,
            "nsites": 275,
            "evalue": "5.2e-094",
            "pwm": [
              [0.665359, 0.018211, 0.0872769, 0.229154], 
              [0.00378081, 0.196328, 3.56236e-05, 0.799855], 
              [0.83257, 3.56236e-05, 0.167248, 0.000146128], 
              [0.105563, 0.210868, 3.56236e-05, 0.683534], 
              [0.73806, 0.029116, 0.232678, 0.000146128], 
              [0.0364969, 0.388985, 0.029116, 0.545403], 
              [0.792585, 3.56236e-05, 0.123627, 0.0837517], 
              [0.0474019, 0.170882, 3.56236e-05, 0.78168], 
              [0.730789, 0.00730598, 0.261758, 0.000146128], 
              [0.000146128, 0.432605, 3.56236e-05, 0.567213], 
              [0.934351, 3.56236e-05, 0.0618312, 0.00378081], 
              [0.0910221, 3.56236e-05, 0.0436558, 0.865287], 
              [0.843475, 3.56236e-05, 0.0800065, 0.0764824], 
              [0.0183215, 0.127262, 3.56236e-05, 0.85438], 
              [0.963432, 0.0036703, 0.0327507, 0.000146128], 
              [0.000146128, 3.56236e-05, 3.56236e-05, 0.999783], 
              [0.850746, 3.56236e-05, 0.0727362, 0.0764824], 
              [0.000146128, 0.0727362, 0.018211, 0.908907], 
              [0.818031, 0.0254814, 0.149072, 0.00741648], 
              [0.138278, 0.232678, 3.56236e-05, 0.629008]
            ]
          }, {
            "db": 0,
            "id": "ATRYATATWWTATATATWTDT",
            "alt": "MEME-9",
            "len": 21,
            "nsites": 317,
            "evalue": "2.2e+001",
            "pwm": [
              [0.728604, 3.09053e-05, 0.173478, 0.0978879], 
              [0.183034, 3.09053e-05, 0.044181, 0.772754], 
              [0.378556, 0.037874, 0.469915, 0.113656], 
              [0.000126774, 0.520372, 0.16717, 0.312331], 
              [0.914664, 0.03472, 0.050488, 0.000126774], 
              [0.154652, 0.0946381, 3.09053e-05, 0.750679], 
              [0.693914, 3.09053e-05, 0.100945, 0.205109], 
              [0.148345, 3.09053e-05, 3.09053e-05, 0.851593], 
              [0.356481, 3.09053e-05, 0.063102, 0.580386], 
              [0.485778, 0.059949, 0.104099, 0.350174], 
              [0.000126774, 0.0914851, 0.050488, 0.8579], 
              [0.760139, 0.00633792, 0.223935, 0.00958779], 
              [0.0631979, 0.164017, 3.09053e-05, 0.772754], 
              [0.728604, 3.09053e-05, 0.0977921, 0.173574], 
              [0.0505839, 0.126174, 0.0252599, 0.797982], 
              [0.589846, 3.09053e-05, 0.239703, 0.17042], 
              [0.000126774, 0.192399, 3.09053e-05, 0.807443], 
              [0.498393, 3.09053e-05, 0.236549, 0.265027], 
              [0.0852739, 0.16717, 0.03472, 0.712836], 
              [0.384863, 0.07887, 0.242856, 0.293409], 
              [0.151499, 0.227088, 0.0883311, 0.533082]
            ]
          }, {
            "db": 0,
            "id": "ATSSAAATGS",
            "alt": "MEME-11",
            "len": 10,
            "nsites": 21,
            "evalue": "1.7e+004",
            "pwm": [
              [0.570626, 0.000464458, 0.190038, 0.238872], 
              [0.00190521, 0.000464458, 0.000464458, 0.997166], 
              [0.00190521, 0.521792, 0.427004, 0.0492985], 
              [0.00190521, 0.521792, 0.474398, 0.00190521], 
              [0.854986, 0.000464458, 0.142644, 0.00190521], 
              [0.997166, 0.000464458, 0.000464458, 0.00190521], 
              [0.997166, 0.000464458, 0.000464458, 0.00190521], 
              [0.00190521, 0.0478578, 0.0952511, 0.854986], 
              [0.00190521, 0.000464458, 0.995725, 0.00190521], 
              [0.00190521, 0.332218, 0.663972, 0.00190521]
            ]
          }, {
            "db": 0,
            "id": "CCCCHH",
            "alt": "MEME-8",
            "len": 6,
            "nsites": 157,
            "evalue": "2.3e-004",
            "pwm": [
              [0.000255888, 0.999426, 6.2381e-05, 0.000255888], 
              [0.000255888, 0.999426, 6.2381e-05, 0.000255888], 
              [0.000255888, 0.999426, 6.2381e-05, 0.000255888], 
              [0.000255888, 0.999426, 6.2381e-05, 0.000255888], 
              [0.350351, 0.331062, 6.2381e-05, 0.318524], 
              [0.299428, 0.267408, 6.2381e-05, 0.433101]
            ]
          }, {
            "db": 0,
            "id": "GCGCCG",
            "alt": "MEME-14",
            "len": 6,
            "nsites": 2,
            "evalue": "7.8e+004",
            "pwm": [
              [0.0191428, 0.0046667, 0.957048, 0.0191428], 
              [0.0191428, 0.957048, 0.0046667, 0.0191428], 
              [0.0191428, 0.0046667, 0.957048, 0.0191428], 
              [0.0191428, 0.957048, 0.0046667, 0.0191428], 
              [0.0191428, 0.957048, 0.0046667, 0.0191428], 
              [0.0191428, 0.0046667, 0.957048, 0.0191428]
            ]
          }, {
            "db": 0,
            "id": "HAWATAYATWTDYATATATATATATATAH",
            "alt": "MEME-13",
            "len": 29,
            "nsites": 80,
            "evalue": "2.6e+004",
            "pwm": [
              [0.337581, 0.337201, 0.0250911, 0.300127], 
              [0.76205, 0.0625443, 0.174904, 0.000501872], 
              [0.300127, 0.0999975, 0.000122348, 0.599753], 
              [0.9618, 0.000122348, 0.0375755, 0.000501872], 
              [0.275159, 0.0875131, 0.0500599, 0.587268], 
              [0.737081, 0.0250911, 0.237326, 0.000501872], 
              [0.212737, 0.299748, 0.000122348, 0.487393], 
              [0.861925, 0.0250911, 0.000122348, 0.112861], 
              [0.0754082, 0.0625443, 0.0250911, 0.836956], 
              [0.487393, 0.000122348, 0.000122348, 0.512362], 
              [0.150315, 0.0999975, 0.000122348, 0.749566], 
              [0.387518, 0.112482, 0.212357, 0.287643], 
              [0.000501872, 0.337201, 0.000122348, 0.662175], 
              [0.836956, 0.0875131, 0.000122348, 0.0754082], 
              [0.25019, 0.0375755, 0.000122348, 0.712112], 
              [0.724597, 0.0750287, 0.0875131, 0.112861], 
              [0.300127, 0.000122348, 0.0625443, 0.637206], 
              [0.5623, 0.0250911, 0.174904, 0.237705], 
              [0.000501872, 0.112482, 0.0500599, 0.836956], 
              [0.849441, 0.000122348, 0.149935, 0.000501872], 
              [0.000501872, 0.174904, 0.000122348, 0.824472], 
              [0.724597, 0.000122348, 0.0625443, 0.212737], 
              [0.000501872, 0.112482, 0.000122348, 0.886894], 
              [0.924347, 0.000122348, 0.0750287, 0.000501872], 
              [0.162799, 0.237326, 0.000122348, 0.599753], 
              [0.712112, 0.000122348, 0.174904, 0.112861], 
              [0.000501872, 0.124966, 0.0875131, 0.787019], 
              [0.699628, 0.0500599, 0.24981, 0.000501872], 
              [0.275159, 0.262295, 0.0375755, 0.424971]
            ]
          }, {
            "db": 0,
            "id": "KKGCRTGC",
            "alt": "MEME-12",
            "len": 8,
            "nsites": 35,
            "evalue": "3.3e+004",
            "pwm": [
              [0.0011453, 0.000279204, 0.59857, 0.400006], 
              [0.0011453, 0.000279204, 0.54159, 0.456986], 
              [0.0011453, 0.000279204, 0.968941, 0.0296349], 
              [0.0011453, 0.82649, 0.000279204, 0.172086], 
              [0.400006, 0.085749, 0.5131, 0.0011453], 
              [0.0581255, 0.0572594, 0.000279204, 0.884336], 
              [0.0296349, 0.000279204, 0.968941, 0.0011453], 
              [0.0011453, 0.99743, 0.000279204, 0.0011453]
            ]
          }, {
            "db": 0,
            "id": "MGTCAGGWRGTKGRYAATAATMSC",
            "alt": "MEME-15",
            "len": 24,
            "nsites": 2,
            "evalue": "8.9e+004",
            "pwm": [
              [0.495333, 0.480857, 0.0046667, 0.0191428], 
              [0.0191428, 0.0046667, 0.957048, 0.0191428], 
              [0.0191428, 0.0046667, 0.0046667, 0.971524], 
              [0.0191428, 0.957048, 0.0046667, 0.0191428], 
              [0.971524, 0.0046667, 0.0046667, 0.0191428], 
              [0.0191428, 0.0046667, 0.957048, 0.0191428], 
              [0.0191428, 0.0046667, 0.957048, 0.0191428], 
              [0.495333, 0.0046667, 0.0046667, 0.495333], 
              [0.495333, 0.0046667, 0.480857, 0.0191428], 
              [0.0191428, 0.0046667, 0.957048, 0.0191428], 
              [0.0191428, 0.0046667, 0.0046667, 0.971524], 
              [0.0191428, 0.0046667, 0.480857, 0.495333], 
              [0.0191428, 0.0046667, 0.957048, 0.0191428], 
              [0.495333, 0.0046667, 0.480857, 0.0191428], 
              [0.0191428, 0.480857, 0.0046667, 0.495333], 
              [0.971524, 0.0046667, 0.0046667, 0.0191428], 
              [0.971524, 0.0046667, 0.0046667, 0.0191428], 
              [0.0191428, 0.0046667, 0.0046667, 0.971524], 
              [0.971524, 0.0046667, 0.0046667, 0.0191428], 
              [0.971524, 0.0046667, 0.0046667, 0.0191428], 
              [0.0191428, 0.0046667, 0.0046667, 0.971524], 
              [0.495333, 0.480857, 0.0046667, 0.0191428], 
              [0.0191428, 0.480857, 0.480857, 0.0191428], 
              [0.0191428, 0.957048, 0.0046667, 0.0191428]
            ]
          }, {
            "db": 0,
            "id": "TATWTWTTTTTWTTTYCCYWT",
            "alt": "MEME-4",
            "len": 21,
            "nsites": 349,
            "evalue": "4.0e-028",
            "pwm": [
              [0.114695, 0.189086, 0.014351, 0.681868], 
              [0.584475, 0.10888, 0.183357, 0.123289], 
              [0.000115153, 0.183357, 2.80724e-05, 0.8165], 
              [0.398282, 2.80724e-05, 0.180492, 0.421197], 
              [0.000115153, 0.275021, 2.80724e-05, 0.724835], 
              [0.343857, 0.0429958, 0.106015, 0.507133], 
              [0.126153, 0.063047, 0.114608, 0.696191], 
              [0.252192, 0.0716406, 0.0601828, 0.615985], 
              [0.106102, 0.014351, 0.0344022, 0.845145], 
              [0.200631, 0.0429958, 2.80724e-05, 0.756345], 
              [0.111831, 0.0830993, 0.0745057, 0.730565], 
              [0.286566, 0.0687764, 0.0888276, 0.55583], 
              [0.0574057, 0.0716406, 0.0544535, 0.8165], 
              [0.186308, 2.80724e-05, 2.80724e-05, 0.813636], 
              [0.0373535, 0.094557, 2.80724e-05, 0.868061], 
              [0.0488122, 0.349498, 0.120338, 0.481352], 
              [0.00297933, 0.664594, 0.0916928, 0.240734], 
              [0.169121, 0.567201, 2.80724e-05, 0.26365], 
              [0.045947, 0.564336, 2.80724e-05, 0.389689], 
              [0.303753, 0.232054, 2.80724e-05, 0.464165], 
              [0.000115153, 0.295073, 2.80724e-05, 0.704784]
            ]
          }, {
            "db": 0,
            "id": "TCBCATGSTCACAA",
            "alt": "MEME-10",
            "len": 14,
            "nsites": 8,
            "evalue": "2.1e+003",
            "pwm": [
              [0.12842, 0.00120988, 0.124667, 0.745704], 
              [0.00496296, 0.988864, 0.00120988, 0.00496296], 
              [0.12842, 0.248123, 0.37158, 0.251877], 
              [0.00496296, 0.741951, 0.124667, 0.12842], 
              [0.622247, 0.124667, 0.00120988, 0.251877], 
              [0.00496296, 0.00120988, 0.00120988, 0.992617], 
              [0.251877, 0.00120988, 0.741951, 0.00496296], 
              [0.00496296, 0.495037, 0.495037, 0.00496296], 
              [0.00496296, 0.124667, 0.124667, 0.745704], 
              [0.00496296, 0.865407, 0.124667, 0.00496296], 
              [0.86916, 0.124667, 0.00120988, 0.00496296], 
              [0.00496296, 0.865407, 0.124667, 0.00496296], 
              [0.49879, 0.248123, 0.124667, 0.12842], 
              [0.745704, 0.248123, 0.00120988, 0.00496296]
            ]
          }, {
            "db": 0,
            "id": "TRTATATATATRTWT",
            "alt": "MEME-3",
            "len": 15,
            "nsites": 357,
            "evalue": "1.1e-039",
            "pwm": [
              [0.00291279, 2.74435e-05, 0.0560338, 0.941025], 
              [0.473369, 0.0280306, 0.498487, 0.000112573], 
              [0.0225153, 0.310864, 0.0420327, 0.624588], 
              [0.795408, 0.0280306, 0.128843, 0.0477182], 
              [0.000112573, 0.19325, 2.74435e-05, 0.80661], 
              [0.7282, 2.74435e-05, 0.252058, 0.0197151], 
              [0.000112573, 0.0868381, 2.74435e-05, 0.913022], 
              [0.691796, 2.74435e-05, 0.308064, 0.000112573], 
              [0.000112573, 0.148445, 2.74435e-05, 0.851415], 
              [0.674994, 2.74435e-05, 0.282861, 0.0421178], 
              [0.106526, 0.0616352, 0.033631, 0.798208], 
              [0.464968, 0.033631, 0.408877, 0.0925237], 
              [0.005713, 0.324866, 0.0112283, 0.658191], 
              [0.574182, 2.74435e-05, 0.114841, 0.31095], 
              [0.0869233, 2.74435e-05, 2.74435e-05, 0.913022]
            ]
          }, {
            "db": 0,
            "id": "TWTTTTTTTYHTTTTTTTTYTTWTTTTTT",
            "alt": "MEME-2",
            "len": 29,
            "nsites": 349,
            "evalue": "9.5e-084",
            "pwm": [
              [0.000115153, 0.200544, 2.80724e-05, 0.799313], 
              [0.306617, 0.0200793, 0.0802341, 0.593068], 
              [0.0975082, 0.117473, 0.0515893, 0.733429], 
              [0.237869, 0.0659122, 2.80724e-05, 0.696191], 
              [0.000115153, 2.80724e-05, 0.0344022, 0.965455], 
              [0.100373, 0.0916928, 0.0258087, 0.782126], 
              [0.137612, 0.0687764, 0.0372664, 0.756345], 
              [0.0373535, 0.0773699, 0.106015, 0.779262], 
              [0.000115153, 0.209137, 0.0802341, 0.710514], 
              [0.166257, 0.289343, 0.114608, 0.429791], 
              [0.318076, 0.243511, 2.80724e-05, 0.438385], 
              [0.0430828, 0.16044, 0.0601828, 0.736294], 
              [0.232141, 0.00575743, 0.0745057, 0.687597], 
              [0.000115153, 2.80724e-05, 0.00862161, 0.991235], 
              [0.177714, 0.0200793, 0.131795, 0.67041], 
              [0.000115153, 2.80724e-05, 2.80724e-05, 0.999829], 
              [0.0631341, 0.014351, 0.031538, 0.890977], 
              [0.000115153, 0.117473, 2.80724e-05, 0.882383], 
              [0.214954, 0.174763, 0.094557, 0.515726], 
              [0.111831, 0.269292, 0.106015, 0.512862], 
              [0.226411, 0.194814, 0.0429958, 0.535779], 
              [0.0659993, 0.249241, 0.0229445, 0.661817], 
              [0.366772, 0.0286729, 0.0458599, 0.558694], 
              [0.189173, 0.0286729, 2.80724e-05, 0.782126], 
              [0.131882, 0.0687764, 0.0114858, 0.787855], 
              [0.077457, 0.0515893, 0.111744, 0.75921], 
              [0.131882, 0.0716406, 0.0745057, 0.721971], 
              [0.180579, 0.154712, 0.120338, 0.544372], 
              [0.106102, 0.257834, 0.120338, 0.515726]
            ]
          }, {
            "db": 0,
            "id": "WWTWTATTTTTTTTTTTTTT",
            "alt": "MEME-7",
            "len": 20,
            "nsites": 358,
            "evalue": "9.3e-008",
            "pwm": [
              [0.296119, 0.100558, 0.134068, 0.469255], 
              [0.544653, 0.0195749, 0.117313, 0.318459], 
              [0.16487, 2.73668e-05, 0.00281959, 0.832282], 
              [0.564201, 0.0475001, 0.0307448, 0.357554], 
              [0.117397, 0.150823, 2.73668e-05, 0.731752], 
              [0.809942, 2.73668e-05, 0.187126, 0.00290448], 
              [0.0699248, 2.73668e-05, 0.00281959, 0.927227], 
              [0.287741, 0.0111972, 2.73668e-05, 0.701033], 
              [0.125775, 0.0642554, 2.73668e-05, 0.809942], 
              [0.117397, 2.73668e-05, 0.0558778, 0.826697], 
              [0.000112259, 0.0195749, 2.73668e-05, 0.980285], 
              [0.072718, 2.73668e-05, 2.73668e-05, 0.927227], 
              [0.131361, 0.108936, 2.73668e-05, 0.759677], 
              [0.0559627, 0.170371, 0.106143, 0.667524], 
              [0.184419, 0.153615, 0.0502923, 0.611673], 
              [0.176041, 0.0447079, 0.0419147, 0.737336], 
              [0.0168676, 2.73668e-05, 2.73668e-05, 0.983078], 
              [0.047585, 2.73668e-05, 0.0977651, 0.854623], 
              [0.0615481, 0.00561281, 0.0810107, 0.851829], 
              [0.170456, 2.73668e-05, 0.117313, 0.712204]
            ]
          }, {
            "db": 0,
            "id": "YSCWTDTWTWTWTRY",
            "alt": "MEME-6",
            "len": 15,
            "nsites": 354,
            "evalue": "7.9e-010",
            "pwm": [
              [0.141317, 0.257017, 0.149703, 0.451963], 
              [0.076363, 0.369979, 0.553543, 0.000113527], 
              [0.000113527, 0.95456, 2.7676e-05, 0.0452988], 
              [0.457611, 0.144055, 0.124287, 0.274047], 
              [0.0678914, 0.282434, 2.7676e-05, 0.649648], 
              [0.418074, 0.0197961, 0.245721, 0.316408], 
              [0.000113527, 0.21748, 0.0903971, 0.692008], 
              [0.370065, 0.0988698, 0.0847497, 0.446315], 
              [0.0594188, 0.169472, 2.7676e-05, 0.771082], 
              [0.375713, 0.0791013, 0.0988698, 0.446315], 
              [0.000113527, 0.0423887, 0.0706287, 0.886869], 
              [0.2684, 0.0452129, 0.206184, 0.480204], 
              [0.0311778, 0.194888, 0.101694, 0.67224], 
              [0.40113, 0.0593329, 0.539423, 0.000113527], 
              [0.000113527, 0.420813, 0.0706287, 0.508445]
            ]
          }
        ],
        "targets": [
          {
            "db": 0,
            "id": "MA0015.1",
            "alt": "Cf2",
            "len": 10,
            "nsites": 80,
            "url": "http://jaspar2022.genereg.net/matrix/MA0015.1",
            "pwm": [
              [0.312612, 0.162419, 0.499498, 0.0254707], 
              [0.0129863, 0.0250911, 0.0126067, 0.949316], 
              [0.924347, 0.0250911, 0.0500599, 0.000501872], 
              [0.000501872, 0.112482, 0.0500599, 0.836956], 
              [0.974285, 0.0250911, 0.000122348, 0.000501872], 
              [0.0129863, 0.0500599, 0.0126067, 0.924347], 
              [0.512362, 0.0250911, 0.449561, 0.0129863], 
              [0.0254707, 0.112482, 0.0126067, 0.849441], 
              [0.662175, 0.0375755, 0.24981, 0.0504394], 
              [0.150315, 0.36217, 0.187388, 0.300127]
            ]
          }, {
            "db": 0,
            "id": "MA0041.2",
            "alt": "FOXD3",
            "len": 16,
            "nsites": 206,
            "url": "http://jaspar2022.genereg.net/matrix/MA0041.2",
            "pwm": [
              [0.417468, 0.106792, 0.0631239, 0.412616], 
              [0.568639, 0.0805775, 0.246373, 0.104409], 
              [0.347355, 0.17172, 0.17172, 0.309205], 
              [0.282886, 0.0858649, 0.580574, 0.0506755], 
              [0.255885, 0.281565, 0.0207095, 0.441841], 
              [0.810229, 0.175317, 0.00478425, 0.00966945], 
              [0.919104, 0.0430377, 4.75502e-05, 0.0378108], 
              [0.944488, 0.00556987, 0.0387028, 0.0112397], 
              [0.000195051, 0.251388, 4.75502e-05, 0.74837], 
              [0.929092, 0.021776, 0.0109123, 0.0382196], 
              [0.850528, 0.054747, 0.0398292, 0.0548945], 
              [0.703558, 0.0699726, 0.0823126, 0.144158], 
              [0.0574363, 0.752986, 0.0572888, 0.13229], 
              [0.562985, 0.0900938, 0.135117, 0.211804], 
              [0.461959, 0.111105, 0.233852, 0.193083], 
              [0.174529, 0.255737, 0.156948, 0.412786]
            ]
          }, {
            "db": 0,
            "id": "MA0049.1",
            "alt": "hb",
            "len": 10,
            "nsites": 16,
            "url": "http://jaspar2022.genereg.net/matrix/MA0049.1",
            "pwm": [
              [0.0646087, 0.311168, 0.497503, 0.12672], 
              [0.375168, 0.497503, 0.124832, 0.00249689], 
              [0.561503, 0.186944, 0.249056, 0.00249689], 
              [0.250944, 0.186944, 0.0627205, 0.499391], 
              [0.80995, 0.0627205, 0.000608701, 0.12672], 
              [0.996286, 0.000608701, 0.000608701, 0.00249689], 
              [0.996286, 0.000608701, 0.000608701, 0.00249689], 
              [0.872062, 0.000608701, 0.124832, 0.00249689], 
              [0.934174, 0.0627205, 0.000608701, 0.00249689], 
              [0.561503, 0.124832, 0.124832, 0.188832]
            ]
          }, {
            "db": 0,
            "id": "MA0056.2",
            "alt": "MZF1",
            "len": 13,
            "nsites": 8242,
            "url": "http://jaspar2022.genereg.net/matrix/MA0056.2",
            "pwm": [
              [0.259769, 0.274203, 0.219363, 0.246665], 
              [0.300535, 0.235863, 0.187211, 0.276391], 
              [0.710382, 0.123271, 0.121208, 0.0451393], 
              [0.867381, 0.0516866, 0.0467126, 0.0342195], 
              [0.0128657, 0.00679511, 0.011891, 0.968447], 
              [0.0121377, 0.964439, 0.012134, 0.0112887], 
              [0.0163847, 0.963227, 0.00655311, 0.0138367], 
              [0.0134727, 0.9608, 0.0070381, 0.0186897], 
              [0.0142007, 0.930953, 0.0100711, 0.0447753], 
              [0.732343, 0.0741323, 0.0587245, 0.1348], 
              [0.205413, 0.364836, 0.184784, 0.244967], 
              [0.254309, 0.252121, 0.17981, 0.31376], 
              [0.213785, 0.267651, 0.215117, 0.303447]
            ]
          }, {
            "db": 0,
            "id": "MA0213.1",
            "alt": "brk",
            "len": 8,
            "nsites": 10,
            "url": "http://jaspar2022.genereg.net/matrix/MA0213.1",
            "pwm": [
              [0.10299, 0.49602, 0.39701, 0.00398019], 
              [0.00398019, 0.39701, 0.000970306, 0.59804], 
              [0.00398019, 0.000970306, 0.991069, 0.00398019], 
              [0.00398019, 0.000970306, 0.991069, 0.00398019], 
              [0.00398019, 0.991069, 0.000970306, 0.00398019], 
              [0.10299, 0.000970306, 0.892059, 0.00398019], 
              [0.10299, 0.79305, 0.000970306, 0.10299], 
              [0.00398019, 0.49602, 0.0999802, 0.40002]
            ]
          }, {
            "db": 0,
            "id": "MA0268.1",
            "alt": "ADR1",
            "len": 7,
            "nsites": 100,
            "url": "http://jaspar2022.genereg.net/matrix/MA0268.1",
            "pwm": [
              [0.409992, 0.239858, 0.129968, 0.220182], 
              [0.000401597, 0.999099, 9.7903e-05, 0.000401597], 
              [0.000401597, 0.849249, 9.7903e-05, 0.150252], 
              [0.000401597, 0.999099, 9.7903e-05, 0.000401597], 
              [0.000401597, 0.999099, 9.7903e-05, 0.000401597], 
              [0.639762, 0.060038, 0.199898, 0.100302], 
              [0.340062, 0.509588, 0.060038, 0.0903117]
            ]
          }, {
            "db": 0,
            "id": "MA0341.1",
            "alt": "MSN2",
            "len": 5,
            "nsites": 99,
            "url": "http://jaspar2022.genereg.net/matrix/MA0341.1",
            "pwm": [
              [0.605855, 0.0707345, 0.323005, 0.00040565], 
              [0.00040565, 9.88909e-05, 0.99909, 0.00040565], 
              [0.00040565, 9.88909e-05, 0.99909, 0.00040565], 
              [0.00040565, 9.88909e-05, 0.99909, 0.00040565], 
              [0.00040565, 9.88909e-05, 0.99909, 0.00040565]
            ]
          }, {
            "db": 0,
            "id": "MA0342.1",
            "alt": "MSN4",
            "len": 5,
            "nsites": 99,
            "url": "http://jaspar2022.genereg.net/matrix/MA0342.1",
            "pwm": [
              [0.837944, 9.88909e-05, 0.161552, 0.00040565], 
              [0.00040565, 9.88909e-05, 0.99909, 0.00040565], 
              [0.00040565, 9.88909e-05, 0.99909, 0.00040565], 
              [0.00040565, 9.88909e-05, 0.99909, 0.00040565], 
              [0.00040565, 9.88909e-05, 0.9891, 0.0103956]
            ]
          }, {
            "db": 0,
            "id": "MA0377.1",
            "alt": "SFL1",
            "len": 21,
            "nsites": 999,
            "url": "http://jaspar2022.genereg.net/matrix/MA0377.1",
            "pwm": [
              [0.272285, 0.183174, 0.130127, 0.414413], 
              [0.36874, 0.262509, 0.124245, 0.244505], 
              [0.281575, 0.244474, 0.332642, 0.141309], 
              [0.382384, 0.25624, 0.117115, 0.24426], 
              [0.314638, 0.098196, 0.349674, 0.237491], 
              [0.368371, 0.221209, 0.198188, 0.212231], 
              [0.727695, 0.0300368, 0.124121, 0.118146], 
              [0.127155, 0.17817, 0.108107, 0.586569], 
              [0.506497, 0.261245, 0.226213, 0.00604563], 
              [0.0180744, 0.0100288, 0.961838, 0.0100592], 
              [0.95786, 0.0160402, 0.00501931, 0.0210801], 
              [0.960866, 0.00902691, 0.0210497, 0.00905733], 
              [0.022082, 0.0470991, 0.807544, 0.123274], 
              [0.616596, 0.129126, 0.218206, 0.0360726], 
              [0.597174, 0.134265, 0.0360782, 0.232482], 
              [0.536059, 0.221431, 0.048101, 0.19441], 
              [0.256528, 0.156307, 0.146288, 0.440878], 
              [0.492977, 0.0961922, 0.217423, 0.193408], 
              [0.431861, 0.0671371, 0.0991979, 0.401804], 
              [0.369742, 0.123243, 0.146288, 0.360725], 
              [0.41023, 0.121362, 0.0722196, 0.39619]
            ]
          }, {
            "db": 0,
            "id": "MA0384.1",
            "alt": "SNT2",
            "len": 11,
            "nsites": 3219,
            "url": "http://jaspar2022.genereg.net/matrix/MA0384.1",
            "pwm": [
              [1.24879e-05, 0.0276502, 0.097235, 0.875101], 
              [1.24879e-05, 3.04436e-06, 0.999972, 1.24879e-05], 
              [0.413844, 0.0792346, 0.506909, 1.24879e-05], 
              [1.24879e-05, 3.04436e-06, 3.04436e-06, 0.999981], 
              [0.988888, 3.04436e-06, 0.0110967, 1.24879e-05], 
              [0.00224342, 3.04436e-06, 0.997741, 1.24879e-05], 
              [1.24879e-05, 0.999972, 3.04436e-06, 1.24879e-05], 
              [1.24879e-05, 3.04436e-06, 0.999972, 1.24879e-05], 
              [0.00254841, 0.973666, 0.0237743, 1.24879e-05], 
              [0.0535648, 0.94642, 3.04436e-06, 1.24879e-05], 
              [0.275223, 0.067348, 0.485702, 0.171727]
            ]
          }, {
            "db": 0,
            "id": "MA0386.1",
            "alt": "SPT15",
            "len": 21,
            "nsites": 997,
            "url": "http://jaspar2022.genereg.net/matrix/MA0386.1",
            "pwm": [
              [0.277846, 0.250737, 0.387132, 0.0842849], 
              [0.337681, 0.191374, 0.14729, 0.323655], 
              [0.253268, 0.34532, 0.088089, 0.313322], 
              [0.160345, 0.200391, 0.154303, 0.484962], 
              [0.546078, 0.139275, 0.154303, 0.160345], 
              [0.115259, 0.098196, 0.702344, 0.0841999], 
              [0.287586, 0.198387, 0.266516, 0.24751], 
              [0.332672, 0.110219, 0.0270611, 0.530047], 
              [0.908767, 0.00702313, 0.0250573, 0.0591524], 
              [0.0120751, 0.00703012, 0.0230765, 0.957818], 
              [0.981924, 0.00201163, 0.00401343, 0.0120511], 
              [0.0381125, 0.00101173, 0.00501933, 0.955856], 
              [0.971887, 0.00201363, 0.00602123, 0.0200783], 
              [0.0441239, 0.00401743, 0.00301553, 0.948843], 
              [0.884722, 0.0100288, 0.0240554, 0.0811942], 
              [0.186208, 0.0620656, 0.0940944, 0.657632], 
              [0.264543, 0.122242, 0.129256, 0.48396], 
              [0.137302, 0.380734, 0.369712, 0.112253], 
              [0.26628, 0.228215, 0.384355, 0.121149], 
              [0.350355, 0.176168, 0.172165, 0.301311], 
              [0.248761, 0.193571, 0.270795, 0.286873]
            ]
          }, {
            "db": 0,
            "id": "MA0495.3",
            "alt": "MAFF",
            "len": 16,
            "nsites": 37746,
            "url": "http://jaspar2022.genereg.net/matrix/MA0495.3",
            "pwm": [
              [0.317358, 0.147645, 0.294653, 0.240343], 
              [0.467467, 0.10931, 0.134425, 0.288799], 
              [0.104462, 0.111747, 0.734963, 0.0488269], 
              [0.015234, 0.00977623, 0.0108362, 0.964154], 
              [0.0457809, 0.927778, 0.00874324, 0.017698], 
              [0.966724, 0.00402725, 0.0117632, 0.017486], 
              [0.016903, 0.0105972, 0.898716, 0.0737839], 
              [0.010757, 0.959782, 0.0110742, 0.018387], 
              [0.912837, 0.0148102, 0.0275792, 0.0447739], 
              [0.20238, 0.115509, 0.117681, 0.564431], 
              [0.189663, 0.0532241, 0.0485611, 0.708551], 
              [0.153289, 0.0641921, 0.0396862, 0.742833], 
              [0.172867, 0.127669, 0.0619671, 0.637497], 
              [0.309225, 0.187887, 0.125338, 0.37755], 
              [0.26477, 0.200922, 0.177794, 0.356515], 
              [0.301674, 0.194511, 0.191093, 0.312722]
            ]
          }, {
            "db": 0,
            "id": "MA0554.1",
            "alt": "SOC1",
            "len": 15,
            "nsites": 888,
            "url": "http://jaspar2022.genereg.net/matrix/MA0554.1",
            "pwm": [
              [0.324333, 0.138509, 0.111484, 0.425673], 
              [0.193717, 0.297275, 0.127249, 0.381759], 
              [0.073235, 0.0304126, 0.0382947, 0.858057], 
              [0.0698574, 1.10349e-05, 0.0574366, 0.872695], 
              [0.131787, 0.0529331, 0.100225, 0.715055], 
              [0.0225657, 0.962741, 0.0146494, 4.52651e-05], 
              [4.52651e-05, 0.694753, 0.0101449, 0.295057], 
              [0.516879, 0.0416733, 0.0630669, 0.378381], 
              [0.154307, 0.0878391, 1.10349e-05, 0.757843], 
              [0.146425, 0.00676727, 1.10349e-05, 0.846797], 
              [0.0248175, 0.00901902, 1.10349e-05, 0.966152], 
              [0.110393, 0.027035, 1.10349e-05, 0.862561], 
              [0.101385, 0.079957, 0.0968471, 0.721811], 
              [0.203851, 0.0112708, 0.769068, 0.0158095], 
              [0.0191871, 0.0259091, 0.748801, 0.206103]
            ]
          }, {
            "db": 0,
            "id": "MA0555.1",
            "alt": "SVP",
            "len": 20,
            "nsites": 92,
            "url": "http://jaspar2022.genereg.net/matrix/MA0555.1",
            "pwm": [
              [0.304454, 0.260693, 0.22812, 0.206734], 
              [0.304454, 0.119542, 0.086969, 0.489035], 
              [0.304454, 0.0109646, 0.108684, 0.575898], 
              [0.358743, 0.173831, 0.119542, 0.347885], 
              [0.0764409, 0.923016, 0.000106407, 0.000436481], 
              [0.0330101, 0.85787, 0.0109646, 0.0981563], 
              [0.630187, 0.173831, 0.0761108, 0.119872], 
              [0.727907, 0.0543954, 0.086969, 0.13073], 
              [0.934205, 0.000106407, 0.000106407, 0.0655827], 
              [0.836485, 0.0109646, 0.0218218, 0.13073], 
              [0.847342, 0.086969, 0.03268, 0.0330101], 
              [0.3696, 0.108684, 0.152115, 0.3696], 
              [0.174161, 0.000106407, 0.803581, 0.0221519], 
              [0.000436481, 0.000106407, 0.999021, 0.000436481], 
              [0.771338, 0.108684, 0.000106407, 0.119872], 
              [0.912488, 0.0218218, 0.0218218, 0.0438673], 
              [0.836485, 0.0761108, 0.0218218, 0.0655827], 
              [0.3696, 0.086969, 0.423559, 0.119872], 
              [0.543324, 0.173831, 0.0543954, 0.22845], 
              [0.413031, 0.22812, 0.03268, 0.326169]
            ]
          }, {
            "db": 0,
            "id": "MA0559.1",
            "alt": "PI",
            "len": 14,
            "nsites": 558,
            "url": "http://jaspar2022.genereg.net/matrix/MA0559.1",
            "pwm": [
              [0.279592, 0.600268, 0.0860241, 0.0341159], 
              [0.102205, 0.705984, 0.0788564, 0.112955], 
              [0.639742, 0.141569, 0.120068, 0.0986204], 
              [0.802795, 0.0215187, 0.148737, 0.0269492], 
              [0.98735, 0.00180924, 0.00718428, 0.00365539], 
              [0.892385, 1.75597e-05, 0.0215187, 0.0860786], 
              [0.539402, 0.014352, 0.437215, 0.00903142], 
              [0.559112, 0.0251031, 0.123651, 0.292135], 
              [0.413976, 1.75597e-05, 0.585935, 7.20299e-05], 
              [0.0126148, 0.0107686, 0.976546, 7.20299e-05], 
              [0.799212, 0.0967742, 0.0125603, 0.0914537], 
              [0.88701, 0.0125603, 0.0430209, 0.0574098], 
              [0.81713, 0.0466042, 0.107525, 0.0287409], 
              [0.458771, 0.103942, 0.356585, 0.0807026]
            ]
          }, {
            "db": 0,
            "id": "MA0679.2",
            "alt": "ONECUT1",
            "len": 16,
            "nsites": 62219,
            "url": "http://jaspar2022.genereg.net/matrix/MA0679.2",
            "pwm": [
              [0.426204, 0.160932, 0.189878, 0.222987], 
              [0.459795, 0.132387, 0.198782, 0.209036], 
              [0.483132, 0.136261, 0.155194, 0.225413], 
              [0.609557, 0.121426, 0.098828, 0.170189], 
              [0.838103, 0.0162491, 0.125267, 0.0203806], 
              [0.964576, 0.00575415, 0.0187401, 0.0109296], 
              [0.00774763, 0.00472515, 0.00387315, 0.983654], 
              [0.0216176, 0.967244, 0.00446815, 0.00667064], 
