<!DOCTYPE HTML>
<html>
  <head>
    <meta charset="UTF-8">
    <title>Tomtom Results</title>
    <script>
      // @JSON_VAR data
      var data = {
        "program": "Tomtom",
        "version": "5.5.7",
        "release": "Wed Jun 19 13:59:04 2024 -0700",
        "cmd": [
          "tomtom", "-no-ssc", "-oc", ".", "-verbosity", "1", "-min-overlap",
          "5", "-dist", "ed", "-evalue", "-thresh", "1.0",
          "-incomplete-scores",
          "/mnt/sdb3/adaobi/malaria_rna-seq_data-analysis/8_motif_analysis/meme_out_15/Cluster3.Sub1/meme.html",
          "/mnt/sdb3/adaobi/motifDB/motif_databases/JASPAR/JASPAR2022_CORE_non-redundant_v2.meme"
        ],
        "options": {
          "strands": "both",
          "distance_measure": "ed",
          "threshold_type": "evalue",
          "threshold_value": 1,
          "background_source": "--query--"
        },
        "alphabet": {
          "name": "DNA",
          "like": "dna",
          "ncore": 4,
          "symbols": [
            {
              "symbol": "A",
              "name": "Adenine",
              "colour": "CC0000",
              "complement": "T"
            }, {
              "symbol": "C",
              "name": "Cytosine",
              "colour": "0000CC",
              "complement": "G"
            }, {
              "symbol": "G",
              "name": "Guanine",
              "colour": "FFB300",
              "complement": "C"
            }, {
              "symbol": "T",
              "aliases": "U",
              "name": "Thymine",
              "colour": "008000",
              "complement": "A"
            }, {
              "symbol": "N",
              "aliases": "X.",
              "name": "Any base",
              "equals": "ACGT"
            }, {
              "symbol": "V",
              "name": "Not T",
              "equals": "ACG"
            }, {
              "symbol": "H",
              "name": "Not G",
              "equals": "ACT"
            }, {
              "symbol": "D",
              "name": "Not C",
              "equals": "AGT"
            }, {
              "symbol": "B",
              "name": "Not A",
              "equals": "CGT"
            }, {
              "symbol": "M",
              "name": "Amino",
              "equals": "AC"
            }, {
              "symbol": "R",
              "name": "Purine",
              "equals": "AG"
            }, {
              "symbol": "W",
              "name": "Weak",
              "equals": "AT"
            }, {
              "symbol": "S",
              "name": "Strong",
              "equals": "CG"
            }, {
              "symbol": "Y",
              "name": "Pyrimidine",
              "equals": "CT"
            }, {
              "symbol": "K",
              "name": "Keto",
              "equals": "GT"
            }
          ]
        },
        "background": [0.40216, 0.0978397, 0.0978397, 0.40216],
        "query_dbs": [
          {
            "source": "/mnt/sdb3/adaobi/malaria_rna-seq_data-analysis/8_motif_analysis/meme_out_15/Cluster3.Sub1/meme.html",
            "name": "meme.html",
            "loaded": 15,
            "excluded": 0,
            "last_modified": "Sat Jan 25 23:58:46 2025"
          }
        ],
        "target_dbs": [
          {
            "source": "/mnt/sdb3/adaobi/motifDB/motif_databases/JASPAR/JASPAR2022_CORE_non-redundant_v2.meme",
            "name": "JASPAR2022_CORE_non-redundant_v2",
            "loaded": 1956,
            "excluded": 0,
            "last_modified": "Tue Jan  9 21:00:00 2024"
          }
        ],
        "queries": [
          {
            "db": 0,
            "id": "AKCCAMASGGC",
            "alt": "MEME-14",
            "len": 11,
            "nsites": 10,
            "evalue": "1.2e+003",
            "pwm": [
              [0.994081, 0.00096871, 0.00096871, 0.00398178], 
              [0.202002, 0.00096871, 0.496018, 0.301011], 
              [0.00398178, 0.694038, 0.297998, 0.00398178], 
              [0.00398178, 0.991068, 0.00096871, 0.00398178], 
              [0.994081, 0.00096871, 0.00096871, 0.00398178], 
              [0.499031, 0.297998, 0.00096871, 0.202002], 
              [0.598041, 0.0999786, 0.297998, 0.00398178], 
              [0.00398178, 0.595028, 0.397008, 0.00398178], 
              [0.00398178, 0.0999786, 0.892058, 0.00398178], 
              [0.00398178, 0.00096871, 0.694038, 0.301011], 
              [0.00398178, 0.793048, 0.198989, 0.00398178]
            ]
          }, {
            "db": 0,
            "id": "ATATATATGYAYATR",
            "alt": "MEME-4",
            "len": 15,
            "nsites": 95,
            "evalue": "8.0e-032",
            "pwm": [
              [0.589277, 0.0631945, 0.147316, 0.200213], 
              [0.137121, 0.210408, 0.0106178, 0.641853], 
              [0.841642, 0.000102881, 0.157832, 0.000422881], 
              [0.210728, 0.0526795, 0.000102881, 0.73649], 
              [0.925765, 0.000102881, 0.0737094, 0.000422881], 
              [0.000422881, 0.0842253, 0.000102881, 0.915249], 
              [0.967826, 0.000102881, 0.000102881, 0.0319687], 
              [0.0214537, 0.0526795, 0.0737094, 0.852158], 
              [0.284335, 0.000102881, 0.715139, 0.000422881], 
              [0.000422881, 0.525865, 0.0526795, 0.421033], 
              [0.957311, 0.0106178, 0.0316487, 0.000422881], 
              [0.000422881, 0.399682, 0.000102881, 0.599792], 
              [0.894219, 0.000102881, 0.105255, 0.000422881], 
              [0.000422881, 0.284015, 0.000102881, 0.715459], 
              [0.578761, 0.0842253, 0.29453, 0.0424836]
            ]
          }, {
            "db": 0,
            "id": "ATATRYATATATATATATATA",
            "alt": "MEME-2",
            "len": 21,
            "nsites": 84,
            "evalue": "1.0e-082",
            "pwm": [
              [0.83282, 0.000116337, 0.0952411, 0.0718223], 
              [0.190728, 0.0952411, 0.0120072, 0.702024], 
              [0.83282, 0.0833502, 0.000116337, 0.0837121], 
              [0.155056, 0.190366, 0.000116337, 0.654462], 
              [0.464212, 0.000116337, 0.440069, 0.0956029], 
              [0.0242599, 0.428178, 0.023898, 0.523665], 
              [0.880383, 0.000116337, 0.0120072, 0.107494], 
              [0.155056, 0.0595696, 0.000116337, 0.785258], 
              [0.737696, 0.0476787, 0.214148, 0.000478193], 
              [0.000478193, 0.309272, 0.000116337, 0.690133], 
              [0.987398, 0.000116337, 0.0120072, 0.000478193], 
              [0.0361497, 0.130913, 0.000116337, 0.83282], 
              [0.785258, 0.000116337, 0.214148, 0.000478193], 
              [0.000478193, 0.190366, 0.000116337, 0.80904], 
              [0.904164, 0.023898, 0.0714604, 0.000478193], 
              [0.000478193, 0.130913, 0.000116337, 0.868493], 
              [0.725805, 0.000116337, 0.226037, 0.0480406], 
              [0.012369, 0.178475, 0.000116337, 0.80904], 
              [0.975507, 0.000116337, 0.000116337, 0.0242599], 
              [0.000478193, 0.107132, 0.000116337, 0.892274], 
              [0.666352, 0.000116337, 0.26171, 0.0718223]
            ]
          }, {
            "db": 0,
            "id": "CAGSTAGCYAT",
            "alt": "MEME-11",
            "len": 11,
            "nsites": 13,
            "evalue": "5.5e+004",
            "pwm": [
              [0.00306993, 0.764106, 0.153418, 0.0794057], 
              [0.842765, 0.000746868, 0.153418, 0.00306993], 
              [0.0794057, 0.0770827, 0.840442, 0.00306993], 
              [0.00306993, 0.535098, 0.30609, 0.155742], 
              [0.0794057, 0.000746868, 0.0770827, 0.842765], 
              [0.842765, 0.153418, 0.000746868, 0.00306993], 
              [0.00306993, 0.000746868, 0.993113, 0.00306993], 
              [0.00306993, 0.993113, 0.000746868, 0.00306993], 
              [0.00306993, 0.535098, 0.000746868, 0.461085], 
              [0.995436, 0.000746868, 0.000746868, 0.00306993], 
              [0.155742, 0.000746868, 0.0770827, 0.766429]
            ]
          }, {
            "db": 0,
            "id": "DNAAAAAWAAAAAAAAAAAAWAWAWAWAA",
            "alt": "MEME-1",
            "len": 29,
            "nsites": 103,
            "evalue": "2.4e-100",
            "pwm": [
              [0.436859, 0.0582904, 0.252277, 0.252572], 
              [0.262272, 0.184382, 0.252277, 0.301069], 
              [0.85393, 9.48979e-05, 0.0388922, 0.107082], 
              [0.980022, 0.0194931, 9.48979e-05, 0.000390068], 
              [0.873329, 9.48979e-05, 0.06799, 0.0585856], 
              [0.795735, 0.00979448, 0.0388922, 0.155579], 
              [0.766636, 9.48979e-05, 0.155284, 0.0779847], 
              [0.553251, 9.48979e-05, 0.135885, 0.310769], 
              [0.912126, 9.48979e-05, 0.0873891, 0.000390068], 
              [0.960623, 9.48979e-05, 9.48979e-05, 0.0391874], 
              [0.989721, 0.00979448, 9.48979e-05, 0.000390068], 
              [0.786035, 9.48979e-05, 9.48979e-05, 0.213775], 
              [0.766636, 0.0291926, 0.0194931, 0.184677], 
              [0.883028, 0.00979448, 9.48979e-05, 0.107082], 
              [0.698741, 0.06799, 0.0291926, 0.204075], 
              [0.805433, 9.48979e-05, 0.0582904, 0.13618], 
              [0.669643, 0.06799, 0.116487, 0.14588], 
              [0.844231, 0.0485918, 9.48979e-05, 0.107082], 
              [0.698741, 0.0194931, 9.48979e-05, 0.28167], 
              [0.950923, 9.48979e-05, 0.0291926, 0.0197882], 
              [0.495056, 0.0873891, 0.0485918, 0.368964], 
              [0.834531, 0.0194931, 0.0291926, 0.116782], 
              [0.650244, 9.48979e-05, 9.48979e-05, 0.349566], 
              [0.844231, 9.48979e-05, 0.0970877, 0.0585856], 
              [0.543552, 0.116487, 9.48979e-05, 0.339866], 
              [0.85393, 9.48979e-05, 0.0776896, 0.0682852], 
              [0.28167, 0.184382, 0.0485918, 0.485356], 
              [0.815133, 9.48979e-05, 0.184382, 0.000390068], 
              [0.611447, 9.48979e-05, 0.155284, 0.233174]
            ]
          }, {
            "db": 0,
            "id": "GGWTTCACAWGTGTG",
            "alt": "MEME-12",
            "len": 15,
            "nsites": 4,
            "evalue": "6.9e+004",
            "pwm": [
              [0.00980879, 0.00238634, 0.977996, 0.00980879], 
              [0.00980879, 0.246289, 0.734094, 0.00980879], 
              [0.497614, 0.00238634, 0.246289, 0.253711], 
              [0.00980879, 0.00238634, 0.00238634, 0.985419], 
              [0.00980879, 0.00238634, 0.246289, 0.741516], 
              [0.00980879, 0.977996, 0.00238634, 0.00980879], 
              [0.985419, 0.00238634, 0.00238634, 0.00980879], 
              [0.00980879, 0.977996, 0.00238634, 0.00980879], 
              [0.985419, 0.00238634, 0.00238634, 0.00980879], 
              [0.497614, 0.00238634, 0.00238634, 0.497614], 
              [0.00980879, 0.246289, 0.734094, 0.00980879], 
              [0.253711, 0.00238634, 0.00238634, 0.741516], 
              [0.00980879, 0.00238634, 0.977996, 0.00980879], 
              [0.00980879, 0.246289, 0.246289, 0.497614], 
              [0.00980879, 0.00238634, 0.977996, 0.00980879]
            ]
          }, {
            "db": 0,
            "id": "TDKGGGAA",
            "alt": "MEME-5",
            "len": 8,
            "nsites": 93,
            "evalue": "1.7e-019",
            "pwm": [
              [0.118585, 0.0967751, 0.107517, 0.677123], 
              [0.311925, 0.000105091, 0.279375, 0.408595], 
              [0.000431966, 0.0538103, 0.429751, 0.516007], 
              [0.000431966, 0.000105091, 0.999031, 0.000431966], 
              [0.000431966, 0.000105091, 0.999031, 0.000431966], 
              [0.000431966, 0.000105091, 0.999031, 0.000431966], 
              [0.473042, 0.204187, 0.204187, 0.118585], 
              [0.806018, 0.0323284, 0.161222, 0.000431966]
            ]
          }, {
            "db": 0,
            "id": "TGCATATA",
            "alt": "MEME-10",
            "len": 8,
            "nsites": 93,
            "evalue": "2.1e-001",
            "pwm": [
              [0.000431966, 0.0323284, 0.118258, 0.848982], 
              [0.000431966, 0.000105091, 0.999031, 0.000431966], 
              [0.000431966, 0.999031, 0.000105091, 0.000431966], 
              [0.92417, 0.000105091, 0.0752932, 0.000431966], 
              [0.000431966, 0.0323284, 0.000105091, 0.967135], 
              [0.999358, 0.000105091, 0.000105091, 0.000431966], 
              [0.000431966, 0.23641, 0.0538103, 0.709347], 
              [0.687865, 0.000105091, 0.0645518, 0.247478]
            ]
          }, {
            "db": 0,
            "id": "TTTTTTTCCWTTTTW",
            "alt": "MEME-8",
            "len": 15,
            "nsites": 104,
            "evalue": "4.1e-008",
            "pwm": [
              [0.0484171, 9.39863e-05, 0.0673373, 0.884152], 
              [0.211721, 9.39863e-05, 9.39863e-05, 0.788091], 
              [0.000386321, 0.0769431, 0.0769431, 0.845727], 
              [0.000386321, 0.249854, 0.0865489, 0.663211], 
              [0.230934, 0.105761, 0.0193065, 0.643998], 
              [0.000386321, 0.173005, 9.39863e-05, 0.826515], 
              [0.000386321, 0.163399, 0.153792, 0.682423], 
              [0.000386321, 0.653312, 0.173005, 0.173297], 
              [0.000386321, 0.778192, 0.221036, 0.000386321], 
              [0.519119, 0.13458, 0.0289123, 0.31739], 
              [0.24054, 0.00969975, 0.0769431, 0.672817], 
              [0.0195988, 9.39863e-05, 9.39863e-05, 0.980213], 
              [0.144479, 9.39863e-05, 0.038519, 0.816909], 
              [0.000386321, 0.0865489, 0.0769431, 0.836121], 
              [0.355814, 9.39863e-05, 0.00969975, 0.634392]
            ]
          }, {
            "db": 0,
            "id": "TTTTTTYYYWTTTTTTTWTTYAYWTWTTT",
            "alt": "MEME-3",
            "len": 29,
            "nsites": 105,
            "evalue": "1.3e-047",
            "pwm": [
              [0.0384414, 0.123785, 9.3092e-05, 0.83768], 
              [0.0860151, 0.0571817, 0.228447, 0.628356], 
              [0.162134, 0.0666967, 0.0381518, 0.733018], 
              [0.181162, 9.3092e-05, 0.0952405, 0.723504], 
              [0.000382645, 9.3092e-05, 0.0857255, 0.913799], 
              [0.000382645, 0.180873, 0.171359, 0.647385], 
              [0.000382645, 0.342624, 0.0952405, 0.561753], 
              [0.09553, 0.27602, 0.123785, 0.504664], 
              [0.152619, 0.428256, 9.3092e-05, 0.419032], 
              [0.361943, 0.0381518, 0.0952405, 0.504664], 
              [0.000382645, 0.123785, 9.3092e-05, 0.875739], 
              [0.11456, 0.104755, 0.11427, 0.666415], 
              [0.000382645, 0.0952405, 0.123785, 0.780592], 
              [0.0860151, 0.11427, 0.0762106, 0.723504], 
              [0.124075, 0.00960803, 0.123785, 0.742533], 
              [0.219222, 9.3092e-05, 9.3092e-05, 0.780592], 
              [0.0289265, 9.3092e-05, 9.3092e-05, 0.970887], 
              [0.47612, 0.0381518, 0.11427, 0.371458], 
              [0.124075, 0.0762106, 0.0381518, 0.761563], 
              [0.0479563, 0.237962, 0.209418, 0.504664], 
              [0.000382645, 0.304565, 0.190388, 0.504664], 
              [0.495149, 0.209418, 0.152329, 0.143104], 
              [0.219222, 0.333109, 9.3092e-05, 0.447576], 
              [0.447576, 0.133299, 0.133299, 0.285825], 
              [0.105045, 0.161844, 9.3092e-05, 0.733018], 
              [0.333398, 0.0952405, 0.104755, 0.466606], 
              [0.11456, 0.180873, 9.3092e-05, 0.704474], 
              [0.228736, 0.0666967, 0.00960803, 0.694959], 
              [0.0669862, 0.11427, 0.0666967, 0.752048]
            ]
          }, {
            "db": 0,
            "id": "TWTDTTTCCWTKCTY",
            "alt": "MEME-13",
            "len": 15,
            "nsites": 24,
            "evalue": "7.3e+004",
            "pwm": [
              [0.0846559, 0.290863, 0.000405974, 0.624075], 
              [0.499594, 0.0833932, 0.000405974, 0.416607], 
              [0.00166871, 0.166381, 0.0833932, 0.748557], 
              [0.250631, 0.000405974, 0.290863, 0.4581], 
              [0.0846559, 0.0833932, 0.000405974, 0.831544], 
              [0.00166871, 0.000405974, 0.000405974, 0.997519], 
              [0.00166871, 0.249369, 0.0419001, 0.707063], 
              [0.00166871, 0.747294, 0.249369, 0.00166871], 
              [0.00166871, 0.996257, 0.000405974, 0.00166871], 
              [0.333619, 0.207875, 0.000405974, 0.4581], 
              [0.00166871, 0.166381, 0.000405974, 0.831544], 
              [0.00166871, 0.0833932, 0.539825, 0.375113], 
              [0.00166871, 0.830281, 0.000405974, 0.167644], 
              [0.12615, 0.207875, 0.000405974, 0.665569], 
              [0.00166871, 0.664307, 0.000405974, 0.333619]
            ]
          }, {
            "db": 0,
            "id": "TWTTTTTTTTTTTTV",
            "alt": "MEME-6",
            "len": 15,
            "nsites": 98,
            "evalue": "2.4e-018",
            "pwm": [
              [0.000409949, 9.97347e-05, 9.97347e-05, 0.999391], 
              [0.408157, 9.97347e-05, 9.97347e-05, 0.591644], 
              [0.30622, 9.97347e-05, 9.97347e-05, 0.693581], 
              [0.285833, 0.0204869, 9.97347e-05, 0.693581], 
              [0.0309907, 9.97347e-05, 0.0714559, 0.897454], 
              [0.000409949, 0.0714559, 9.97347e-05, 0.928034], 
              [0.19409, 9.97347e-05, 0.0204869, 0.785323], 
              [0.000409949, 0.0204869, 9.97347e-05, 0.979003], 
              [0.000409949, 9.97347e-05, 9.97347e-05, 0.999391], 
              [0.000409949, 0.0306805, 9.97347e-05, 0.96881], 
              [0.000409949, 9.97347e-05, 9.97347e-05, 0.999391], 
              [0.102347, 0.0306805, 9.97347e-05, 0.866873], 
              [0.000409949, 9.97347e-05, 9.97347e-05, 0.999391], 
              [0.000409949, 0.0102933, 0.11223, 0.877066], 
              [0.346995, 0.203974, 0.30591, 0.143121]
            ]
          }, {
            "db": 0,
            "id": "WATATATATRTAWTATATRTR",
            "alt": "MEME-9",
            "len": 21,
            "nsites": 55,
            "evalue": "1.6e-002",
            "pwm": [
              [0.291111, 0.163517, 0.0183266, 0.527046], 
              [0.744832, 0.12722, 0.12722, 0.000729873], 
              [0.000729873, 0.145369, 0.000177568, 0.853724], 
              [0.853724, 0.000177568, 0.0727726, 0.0733249], 
              [0.000729873, 0.000177568, 0.000177568, 0.998915], 
              [0.61779, 0.000177568, 0.12722, 0.254813], 
              [0.0733249, 0.163517, 0.000177568, 0.76298], 
              [0.835576, 0.000177568, 0.163517, 0.000729873], 
              [0.0914739, 0.145369, 0.000177568, 0.76298], 
              [0.61779, 0.0364756, 0.345006, 0.000729873], 
              [0.0914739, 0.199815, 0.12722, 0.581492], 
              [0.853724, 0.0364756, 0.109071, 0.000729873], 
              [0.363706, 0.000177568, 0.0364756, 0.599641], 
              [0.000729873, 0.199815, 0.0183266, 0.781129], 
              [0.799278, 0.000177568, 0.181666, 0.0188789], 
              [0.0188789, 0.000177568, 0.000177568, 0.980766], 
              [0.527046, 0.0727726, 0.181666, 0.218516], 
              [0.000729873, 0.0364756, 0.000177568, 0.962617], 
              [0.418153, 0.000177568, 0.58094, 0.000729873], 
              [0.000729873, 0.0909216, 0.145369, 0.76298], 
              [0.400004, 0.0727726, 0.381303, 0.145921]
            ]
          }, {
            "db": 0,
            "id": "WRYAYAYRCAHRYATDNATAMAWDTWCHC",
            "alt": "MEME-7",
            "len": 29,
            "nsites": 33,
            "evalue": "1.7e-004",
            "pwm": [
              [0.303329, 0.181564, 0.000295588, 0.514811], 
              [0.575234, 0.000295588, 0.332622, 0.0918493], 
              [0.0616379, 0.453467, 0.000295588, 0.484598], 
              [0.635656, 0.000295588, 0.0909299, 0.273118], 
              [0.00121499, 0.393044, 0.121141, 0.484598], 
              [0.877348, 0.030507, 0.0909299, 0.00121499], 
              [0.00121499, 0.423256, 0.000295588, 0.575234], 
              [0.303329, 0.211776, 0.483679, 0.00121499], 
              [0.0616379, 0.664948, 0.000295588, 0.273118], 
              [0.877348, 0.000295588, 0.030507, 0.0918493], 
              [0.393964, 0.241987, 0.0909299, 0.273118], 
              [0.545022, 0.000295588, 0.453467, 0.00121499], 
              [0.122061, 0.393044, 0.0607185, 0.424175], 
              [0.756502, 0.000295588, 0.241987, 0.00121499], 
              [0.122061, 0.151353, 0.000295588, 0.726291], 
              [0.363752, 0.000295588, 0.423256, 0.212695], 
              [0.212695, 0.272199, 0.181564, 0.333541], 
              [0.726291, 0.000295588, 0.211776, 0.0616379], 
              [0.152272, 0.030507, 0.0909299, 0.726291], 
              [0.545022, 0.181564, 0.211776, 0.0616379], 
              [0.454387, 0.362833, 0.000295588, 0.182484], 
              [0.756502, 0.181564, 0.000295588, 0.0616379], 
              [0.333541, 0.151353, 0.0607185, 0.454387], 
              [0.303329, 0.0909299, 0.272199, 0.333541], 
              [0.0314264, 0.000295588, 0.000295588, 0.967982], 
              [0.454387, 0.0607185, 0.121141, 0.363752], 
              [0.122061, 0.664948, 0.000295588, 0.212695], 
              [0.333541, 0.181564, 0.151353, 0.333541], 
              [0.0918493, 0.604526, 0.121141, 0.182484]
            ]
          }, {
            "db": 0,
            "id": "YKCRWRARCWTRCVTYGKTTTGSAMAGRS",
            "alt": "MEME-15",
            "len": 29,
            "nsites": 7,
            "evalue": "3.4e+004",
            "pwm": [
              [0.00566423, 0.423913, 0.00137802, 0.569045], 
              [0.146509, 0.142223, 0.423913, 0.287354], 
              [0.146509, 0.564759, 0.142223, 0.146509], 
              [0.287354, 0.142223, 0.423913, 0.146509], 
              [0.569045, 0.00137802, 0.00137802, 0.428199], 
              [0.569045, 0.00137802, 0.423913, 0.00566423], 
              [0.850735, 0.00137802, 0.142223, 0.00566423], 
              [0.428199, 0.142223, 0.423913, 0.00566423], 
              [0.00566423, 0.705604, 0.00137802, 0.287354], 
              [0.428199, 0.00137802, 0.00137802, 0.569045], 
              [0.146509, 0.00137802, 0.142223, 0.70989], 
              [0.428199, 0.142223, 0.283068, 0.146509], 
              [0.146509, 0.705604, 0.00137802, 0.146509], 
              [0.428199, 0.283068, 0.283068, 0.00566423], 
              [0.00566423, 0.00137802, 0.283068, 0.70989], 
              [0.00566423, 0.423913, 0.142223, 0.428199], 
              [0.146509, 0.00137802, 0.846449, 0.00566423], 
              [0.00566423, 0.142223, 0.564759, 0.287354], 
              [0.00566423, 0.142223, 0.00137802, 0.850735], 
              [0.287354, 0.00137802, 0.00137802, 0.70989], 
              [0.00566423, 0.00137802, 0.00137802, 0.99158], 
              [0.00566423, 0.00137802, 0.987294, 0.00566423], 
              [0.146509, 0.283068, 0.564759, 0.00566423], 
              [0.70989, 0.00137802, 0.283068, 0.00566423], 
              [0.287354, 0.564759, 0.00137802, 0.146509], 
              [0.70989, 0.00137802, 0.142223, 0.146509], 
              [0.00566423, 0.142223, 0.705604, 0.146509], 
              [0.287354, 0.142223, 0.423913, 0.146509], 
              [0.00566423, 0.283068, 0.564759, 0.146509]
            ]
          }
        ],
        "targets": [
          {
            "db": 0,
            "id": "MA0005.2",
            "alt": "AG",
            "len": 18,
            "nsites": 66,
            "url": "http://jaspar2022.genereg.net/matrix/MA0005.2",
            "pwm": [
              [0.318309, 0.30272, 0.0909195, 0.288052], 
              [0.136766, 0.0455343, 0.0455343, 0.772166], 
              [0.151894, 0.000148018, 0.0152771, 0.832681], 
              [0.439338, 0.121177, 0.121177, 0.318309], 
              [0.000608411, 0.998635, 0.000148018, 0.000608411], 
              [0.000608411, 0.983506, 0.000148018, 0.0157375], 
              [0.469595, 0.0455343, 0.0909195, 0.393951], 
              [0.711652, 0.0304052, 0.000148018, 0.257795], 
              [0.787295, 0.000148018, 0.0152771, 0.19728], 
              [0.378823, 0.000148018, 0.0152771, 0.605753], 
              [0.257795, 0.227077, 0.166563, 0.348566], 
              [0.288052, 0.121177, 0.30272, 0.288052], 
              [0.106509, 0.000148018, 0.862477, 0.0308656], 
              [0.0308656, 0.000148018, 0.817092, 0.151894], 
              [0.333437, 0.257334, 0.0757914, 0.333437], 
              [0.681395, 0.0606623, 0.0757914, 0.182151], 
              [0.605753, 0.0909195, 0.136306, 0.167023], 
              [0.227538, 0.151434, 0.242205, 0.378823]
            ]
          }, {
            "db": 0,
            "id": "MA0015.1",
            "alt": "Cf2",
            "len": 10,
            "nsites": 80,
            "url": "http://jaspar2022.genereg.net/matrix/MA0015.1",
            "pwm": [
              [0.312612, 0.162419, 0.499498, 0.0254709], 
              [0.0129865, 0.0250909, 0.0126065, 0.949316], 
              [0.924347, 0.0250909, 0.0500597, 0.000502072], 
              [0.000502072, 0.112482, 0.0500597, 0.836957], 
              [0.974285, 0.0250909, 0.000122147, 0.000502072], 
              [0.0129865, 0.0500597, 0.0126065, 0.924347], 
              [0.512362, 0.0250909, 0.44956, 0.0129865], 
              [0.0254709, 0.112482, 0.0126065, 0.849441], 
              [0.662175, 0.0375753, 0.24981, 0.0504397], 
              [0.150315, 0.36217, 0.187388, 0.300128]
            ]
          }, {
            "db": 0,
            "id": "MA0041.2",
            "alt": "FOXD3",
            "len": 16,
            "nsites": 206,
            "url": "http://jaspar2022.genereg.net/matrix/MA0041.2",
            "pwm": [
              [0.417469, 0.106792, 0.0631239, 0.412616], 
              [0.568639, 0.0805774, 0.246373, 0.10441], 
              [0.347355, 0.17172, 0.17172, 0.309205], 
              [0.282886, 0.0858648, 0.580574, 0.0506756], 
              [0.255885, 0.281565, 0.0207094, 0.441841], 
              [0.810229, 0.175317, 0.00478417, 0.00966953], 
              [0.919104, 0.0430376, 4.74721e-05, 0.0378109], 
              [0.944488, 0.00556979, 0.0387027, 0.0112398], 
              [0.000195129, 0.251387, 4.74721e-05, 0.74837], 
              [0.929092, 0.0217759, 0.0109122, 0.0382197], 
              [0.850528, 0.0547469, 0.0398292, 0.0548946], 
              [0.703558, 0.0699725, 0.0823125, 0.144158], 
              [0.0574363, 0.752986, 0.0572887, 0.13229], 
              [0.562985, 0.0900938, 0.135117, 0.211804], 
              [0.461959, 0.111105, 0.233852, 0.193083], 
              [0.17453, 0.255737, 0.156948, 0.412786]
            ]
          }, {
            "db": 0,
            "id": "MA0049.1",
            "alt": "hb",
            "len": 10,
            "nsites": 16,
            "url": "http://jaspar2022.genereg.net/matrix/MA0049.1",
            "pwm": [
              [0.0646097, 0.311167, 0.497502, 0.126721], 
              [0.375169, 0.497502, 0.124831, 0.00249789], 
              [0.561504, 0.186943, 0.249055, 0.00249789], 
              [0.250945, 0.186943, 0.0627195, 0.499392], 
              [0.809951, 0.0627195, 0.000607702, 0.126721], 
              [0.996287, 0.000607702, 0.000607702, 0.00249789], 
              [0.996287, 0.000607702, 0.000607702, 0.00249789], 
              [0.872063, 0.000607702, 0.124831, 0.00249789], 
              [0.934175, 0.0627195, 0.000607702, 0.00249789], 
              [0.561504, 0.124831, 0.124831, 0.188833]
            ]
          }, {
            "db": 0,
            "id": "MA0082.1",
            "alt": "squamosa",
            "len": 14,
            "nsites": 30,
            "url": "http://jaspar2022.genereg.net/matrix/MA0082.1",
            "pwm": [
              [0.366785, 0.465442, 0.0335473, 0.134226], 
              [0.00133608, 0.731222, 0.00032505, 0.267117], 
              [0.798678, 0.00032505, 0.133215, 0.0677816], 
              [0.532897, 0.0667706, 0.0335473, 0.366785], 
              [0.765456, 0.00032505, 0.00032505, 0.233894], 
              [0.56612, 0.00032505, 0.00032505, 0.433229], 
              [0.798678, 0.0335473, 0.00032505, 0.167449], 
              [0.267117, 0.00032505, 0.0335473, 0.69901], 
              [0.466453, 0.0335473, 0.498664, 0.00133608], 
              [0.0345583, 0.0335473, 0.930557, 0.00133608], 
              [0.466453, 0.166438, 0.0335473, 0.333562], 
              [0.831901, 0.166438, 0.00032505, 0.00133608], 
              [0.69901, 0.0667706, 0.0999928, 0.134226], 
              [0.233894, 0.166438, 0.266106, 0.333562]
            ]
          }, {
            "db": 0,
            "id": "MA0152.2",
            "alt": "Nfatc2",
            "len": 16,
            "nsites": 3239,
            "url": "http://jaspar2022.genereg.net/matrix/MA0152.2",
            "pwm": [
              [0.300404, 0.213333, 0.228153, 0.258108], 
              [0.273545, 0.203146, 0.272919, 0.250391], 
              [0.224766, 0.171038, 0.441483, 0.162712], 
              [0.255639, 0.314596, 0.204381, 0.225383], 
              [0.668717, 0.142018, 0.0901512, 0.0991144], 
              [0.797456, 0.0636011, 0.101575, 0.0373683], 
              [0.0524958, 0.0382848, 0.0311841, 0.878034], 
              [0.0240937, 0.00525186, 0.962616, 0.00803917], 
              [0.0102001, 0.00833876, 0.967247, 0.014214], 
              [0.955525, 0.0117347, 0.0200704, 0.01267], 
              [0.969417, 0.00586884, 0.0138956, 0.0108181], 
              [0.908907, 0.032111, 0.0243923, 0.0345903], 
              [0.296082, 0.341147, 0.174743, 0.188028], 
              [0.301948, 0.125346, 0.120407, 0.452298], 
              [0.28929, 0.192032, 0.231858, 0.286821], 
              [0.24329, 0.239885, 0.170112, 0.346714]
            ]
          }, {
            "db": 0,
            "id": "MA0197.2",
            "alt": "nub",
            "len": 12,
            "nsites": 29,
            "url": "http://jaspar2022.genereg.net/matrix/MA0197.2",
            "pwm": [
              [0.070111, 0.0347007, 0.0347007, 0.860489], 
              [0.997946, 0.00033622, 0.00033622, 0.00138199], 
              [0.00138199, 0.00033622, 0.00033622, 0.997946], 
              [0.00138199, 0.00033622, 0.859443, 0.138839], 
              [0.00138199, 0.653257, 0.0347007, 0.310661], 
              [0.826124, 0.00033622, 0.00033622, 0.173204], 
              [0.963581, 0.00033622, 0.0347007, 0.00138199], 
              [0.963581, 0.00033622, 0.00033622, 0.0357465], 
              [0.138839, 0.0347007, 0.00033622, 0.826124], 
              [0.207568, 0.172158, 0.27525, 0.345025], 
              [0.654303, 0.172158, 0.0347007, 0.138839], 
              [0.138839, 0.103429, 0.5158, 0.241932]
            ]
          }, {
            "db": 0,
            "id": "MA0322.1",
            "alt": "INO4",
            "len": 9,
            "nsites": 242,
            "url": "http://jaspar2022.genereg.net/matrix/MA0322.1",
            "pwm": [
              [0.119952, 0.190045, 0.669185, 0.0208186], 
              [0.000166113, 0.925148, 4.04131e-05, 0.0746453], 
              [0.816397, 0.0828462, 4.04131e-05, 0.100717], 
              [0.000166113, 4.04131e-05, 4.04131e-05, 0.999753], 
              [0.0377446, 4.04131e-05, 0.962049, 0.000166113], 
              [0.000166113, 4.04131e-05, 4.04131e-05, 0.999753], 
              [0.0660299, 4.04131e-05, 0.933764, 0.000166113], 
              [0.829368, 0.039797, 0.130668, 0.000166113], 
              [0.81126, 0.0400239, 0.14855, 0.000166113]
            ]
          }, {
            "db": 0,
            "id": "MA0377.1",
            "alt": "SFL1",
            "len": 21,
            "nsites": 999,
            "url": "http://jaspar2022.genereg.net/matrix/MA0377.1",
            "pwm": [
              [0.272285, 0.183174, 0.130127, 0.414413], 
              [0.36874, 0.262509, 0.124245, 0.244505], 
              [0.281575, 0.244474, 0.332641, 0.141309], 
              [0.382384, 0.25624, 0.117115, 0.24426], 
              [0.314638, 0.098196, 0.349674, 0.237491], 
              [0.368371, 0.221209, 0.198188, 0.212231], 
              [0.727695, 0.0300368, 0.124121, 0.118146], 
              [0.127155, 0.17817, 0.108107, 0.586569], 
              [0.506497, 0.261245, 0.226213, 0.00604565], 
              [0.0180744, 0.0100288, 0.961838, 0.0100592], 
              [0.95786, 0.0160402, 0.00501929, 0.0210801], 
              [0.960866, 0.00902689, 0.0210497, 0.00905735], 
              [0.022082, 0.0470991, 0.807544, 0.123274], 
              [0.616596, 0.129126, 0.218206, 0.0360726], 
              [0.597174, 0.134265, 0.0360782, 0.232482], 
              [0.536059, 0.221431, 0.048101, 0.19441], 
              [0.256528, 0.156307, 0.146288, 0.440878], 
              [0.492977, 0.0961922, 0.217423, 0.193408], 
              [0.431861, 0.0671371, 0.0991979, 0.401804], 
              [0.369742, 0.123243, 0.146288, 0.360725], 
              [0.41023, 0.121362, 0.0722196, 0.39619]
            ]
          }, {
            "db": 0,
            "id": "MA0386.1",
            "alt": "SPT15",
            "len": 21,
            "nsites": 997,
            "url": "http://jaspar2022.genereg.net/matrix/MA0386.1",
            "pwm": [
              [0.277846, 0.250737, 0.387132, 0.0842849], 
              [0.337681, 0.191374, 0.14729, 0.323655], 
              [0.253268, 0.34532, 0.088089, 0.313322], 
              [0.160345, 0.200391, 0.154303, 0.484962], 
              [0.546078, 0.139275, 0.154303, 0.160345], 
              [0.115259, 0.098196, 0.702344, 0.0841999], 
              [0.287586, 0.198387, 0.266516, 0.247511], 
              [0.332672, 0.110219, 0.0270611, 0.530047], 
              [0.908767, 0.00702311, 0.0250573, 0.0591524], 
              [0.0120751, 0.00703011, 0.0230765, 0.957818], 
              [0.981924, 0.00201161, 0.00401341, 0.0120511], 
              [0.0381125, 0.00101171, 0.00501931, 0.955856], 
              [0.971887, 0.00201361, 0.00602121, 0.0200783], 
              [0.0441239, 0.00401741, 0.00301551, 0.948843], 
              [0.884722, 0.0100288, 0.0240554, 0.0811942], 
              [0.186208, 0.0620656, 0.0940944, 0.657632], 
              [0.264543, 0.122242, 0.129256, 0.48396], 
              [0.137302, 0.380734, 0.369712, 0.112253], 
              [0.26628, 0.228215, 0.384355, 0.121149], 
              [0.350355, 0.176168, 0.172165, 0.301311], 
              [0.248761, 0.193571, 0.270795, 0.286873]
            ]
          }, {
            "db": 0,
            "id": "MA0507.2",
            "alt": "POU2F2",
            "len": 14,
            "nsites": 9207,
            "url": "http://jaspar2022.genereg.net/matrix/MA0507.2",
            "pwm": [
              [0.453784, 0.174975, 0.169435, 0.201805], 
              [0.50523, 0.0373017, 0.173211, 0.284258], 
              [0.00364233, 0.0107019, 0.000429058, 0.985227], 
              [0.999994, 1.06266e-06, 1.06266e-06, 4.36793e-06], 
              [4.36793e-06, 0.00141105, 0.00021806, 0.998367], 
              [4.36793e-06, 1.06266e-06, 0.988078, 0.0119162], 
              [0.000218366, 0.85839, 0.0136039, 0.127788], 
              [0.790504, 1.06266e-06, 1.06266e-06, 0.209494], 
              [0.990633, 0.000754054, 0.00247604, 0.0061373], 
              [0.998584, 0.000543057, 1.06266e-06, 0.000872359], 
              [0.0060223, 0.000861053, 0.00376202, 0.989356], 
              [0.121984, 0.0751592, 0.322868, 0.479989], 
              [0.721543, 0.0703743, 0.0924201, 0.115663], 
              [0.187468, 0.141306, 0.585636, 0.0855904]
            ]
          }, {
            "db": 0,
            "id": "MA0548.2",
            "alt": "AGL15",
            "len": 19,
            "nsites": 599,
            "url": "http://jaspar2022.genereg.net/matrix/MA0548.2",
            "pwm": [
              [0.222067, 0.363896, 0.228693, 0.185345], 
              [0.0801878, 0.0550991, 0.00836194, 0.856351], 
              [0.0267737, 0.00836194, 0.0050235, 0.95984], 
              [0.140278, 0.0133701, 0.0350685, 0.811284], 
              [6.71273e-05, 0.994842, 1.63312e-05, 0.00507429], 
              [6.71273e-05, 0.726105, 1.63312e-05, 0.273811], 
              [0.333901, 0.13355, 0.0834744, 0.449074], 
              [0.146955, 0.141896, 0.0884826, 0.622668], 
              [0.270473, 1.63312e-05, 0.00669322, 0.722817], 
              [0.0117512, 0.0133701, 1.63312e-05, 0.974862], 
              [0.148623, 0.0751288, 0.0517607, 0.724487], 
              [0.230413, 0.0701216, 0.280437, 0.419029], 
              [0.208713, 0.00168505, 0.789534, 6.71273e-05], 
              [6.71273e-05, 1.63312e-05, 0.976481, 0.0234352], 
              [0.542548, 0.0834744, 0.0467535, 0.327225], 
              [0.906427, 0.0217157, 0.00836194, 0.0634955], 
              [0.792923, 0.0117004, 0.0484223, 0.146955], 
              [0.188684, 0.292122, 0.308813, 0.210383], 
              [0.262127, 0.128543, 0.0834744, 0.525855]
            ]
          }, {
            "db": 0,
            "id": "MA0554.1",
            "alt": "SOC1",
            "len": 15,
            "nsites": 888,
            "url": "http://jaspar2022.genereg.net/matrix/MA0554.1",
            "pwm": [
              [0.324333, 0.138509, 0.111484, 0.425673], 
              [0.193717, 0.297275, 0.127249, 0.381759], 
              [0.073235, 0.0304126, 0.0382947, 0.858057], 
              [0.0698574, 1.10168e-05, 0.0574365, 0.872695], 
              [0.131787, 0.0529331, 0.100225, 0.715055], 
              [0.0225657, 0.962741, 0.0146494, 4.52832e-05], 
              [4.52832e-05, 0.694753, 0.0101449, 0.295057], 
              [0.516879, 0.0416733, 0.0630669, 0.378381], 
              [0.154307, 0.0878391, 1.10168e-05, 0.757843], 
              [0.146425, 0.00676726, 1.10168e-05, 0.846797], 
              [0.0248175, 0.009019, 1.10168e-05, 0.966152], 
              [0.110393, 0.027035, 1.10168e-05, 0.862561], 
              [0.101385, 0.079957, 0.0968471, 0.721811], 
              [0.203851, 0.0112707, 0.769068, 0.0158095], 
              [0.0191871, 0.0259091, 0.748801, 0.206103]
            ]
          }, {
            "db": 0,
            "id": "MA0555.1",
            "alt": "SVP",
            "len": 20,
            "nsites": 92,
            "url": "http://jaspar2022.genereg.net/matrix/MA0555.1",
            "pwm": [
              [0.304454, 0.260693, 0.228119, 0.206734], 
              [0.304454, 0.119541, 0.0869688, 0.489036], 
              [0.304454, 0.0109644, 0.108684, 0.575898], 
              [0.358743, 0.17383, 0.119541, 0.347885], 
              [0.076441, 0.923016, 0.000106232, 0.000436656], 
              [0.0330102, 0.85787, 0.0109644, 0.0981564], 
              [0.630187, 0.17383, 0.0761106, 0.119872], 
              [0.727907, 0.0543952, 0.0869688, 0.13073], 
              [0.934205, 0.000106232, 0.000106232, 0.0655828], 
              [0.836485, 0.0109644, 0.0218216, 0.13073], 
              [0.847342, 0.0869688, 0.0326798, 0.0330102], 
              [0.3696, 0.108684, 0.152115, 0.3696], 
              [0.174161, 0.000106232, 0.803581, 0.0221521], 
              [0.000436656, 0.000106232, 0.99902, 0.000436656], 
              [0.771338, 0.108684, 0.000106232, 0.119872], 
              [0.912488, 0.0218216, 0.0218216, 0.0438674], 
              [0.836485, 0.0761106, 0.0218216, 0.0655828], 
              [0.3696, 0.0869688, 0.423559, 0.119872], 
              [0.543325, 0.17383, 0.0543952, 0.22845], 
              [0.413031, 0.228119, 0.0326798, 0.32617]
            ]
          }, {
            "db": 0,
            "id": "MA0556.1",
            "alt": "AP3",
            "len": 15,
            "nsites": 291,
            "url": "http://jaspar2022.genereg.net/matrix/MA0556.1",
            "pwm": [
              [0.316181, 0.123702, 0.068739, 0.491378], 
              [0.288699, 0.113397, 0.134009, 0.463897], 
